144
2173
325
4637
1942
5072
8896
6937
5950
9844
2672
9787
6648
1384
1883
702
7610
8604
1367
335
132
4050
6311
127
4623
6349
1587
8567
5733
301
8796
9894
2565
8888
2312
5270
9897
3233
5444
4406
2791
7584
1558
4945
455
3679
675
2011
3224
1627
6964
955
9025
355
4192
5061
4983
5513
6513
260
7152
9332
6782
7959
1944
3530
8110
4409
8080
9548
3376
4478
8845
6993
4530
6230
5461
8127
3397
8143
9687
4317
7257
5971
9751
9208
6999
8592
5040
6049
1313
247
5833
3277
4678
2166
5824
7657
64
6692
8442
4077
1590
5659
5563
9066
7845
5227
7402
1254
8607
8811
1433
1840
1777
9326
5423
299
7384
8934
7966
9921
2335
5985
3054
2775
356
8590
2489
1164
7181
8209
4471
1824
8160
7726
3281
9517
2496
8654
3638
3685
184
8328
4614
7150
7858
4116
7304
2309
1521
3907
1759
3200
6385
178
2346
7158
8594
2285
4664
3067
1492
4007
6568
8158
5016
4161
4222
3197
2059
4327
813
2639
2629
550
2501
5953
2512
4817
7339
7454
7897
8555
498
1851
4211
464
2528
1871
7994
7254
9371
8979
3573
1338
8965
7118
5216
632
6398
8942
5149
9868
7562
9961
3516
5288
7019
45
8425
6855
514
2366
395
8207
6213
9717
5586
9764
6441
8655
3429
9977
6634
5465
7670
2354
1458
6309
267
4895
1202
530
811
2398
5705
7316
3517
7819
2267
3707
3618
7706
2796
206
9102
2754
1234
9685
6012
2172
2368
5135
3001
2590
2653
84
6910
1997
7105
4383
3616
7124
2419
1881
9008
6495
7039
3986
7476
4860
4115
5546
88
7143
4023
6639
2071
5942
641
3648
1915
282
9299
3768
3322
9808
1774
544
9360
1101
4622
4314
7949
322
7393
5331
8147
1762
3186
3525
58
2986
9123
5722
1289
4887
5763
8340
941
4598
5235
518
6413
6629
2409
9455
6429
4583
1057
7021
5742
9875
6014
1875
2728
9276
5091
6817
2153
8642
2563
8496
8031
7991
1351
6263
6013
9830
1328
7547
3850
3597
2139
8166
9507
6811
2620
5424
9815
1060
3637
7904
2792
1826
1383
5155
5438
6419
9647
7800
6506
4328
9191
8782
8312
5951
913
5037
104
8755
3064
9684
7869
1470
9814
6574
3223
9546
5495
11
310
3138
9986
1325
8568
3890
424
8081
8673
6573
8636
808
6043
472
7903
4081
8159
7071
2555
1363
9096
3511
5781
8377
6439
5695
8055
8091
6837
9226
6360
4652
3792
4963
7133
8184
3111
9982
6647
554
8706
389
8723
4704
3323
4108
1200
5124
4127
622
9432
6996
6292
8325
9405
8531
7981
5922
6369
8760
2801
1149
2983
4840
7818
2887
1981
9762
923
617
4373
7558
2582
8911
8449
2606
9329
2880
5832
2757
6268
6310
5900
3786
7419
9479
3794
1750
3509
2231
745
9968
9244
806
3973
3454
4331
1803
4518
8109
240
5251
1477
413
8976
743
7420
3813
4642
9939
3195
3194
8712
2809
8740
4854
2343
9664
9024
8435
6275
2705
6821
1462
9250
9770
1348
8155
5188
3242
5128
2187
3214
994
2332
1816
8167
316
7134
5370
4764
2740
4472
3662
8969
5166
4078
1606
3791
3332
3750
5993
2755
5505
188
4675
3741
7387
722
4071
6189
7065
9505
6968
6981
1854
3564
1979
2458
5537
6793
1401
5118
9623
410
7045
2383
5343
7809
6592
9383
4638
277
2190
7662
2895
3706
9733
4058
2695
9439
4632
3767
9568
9719
2473
5018
6834
4054
650
6980
2273
5734
6524
3803
8054
6023
7571
3390
7759
7607
3140
8424
4794
6984
6140
8970
2901
8801
2707
963
8815
527
2370
2479
5768
9907
3724
2903
8223
5690
958
7204
118
7129
286
7510
5165
8324
4016
7259
1713
2035
7109
4135
6026
7179
5298
3150
2573
428
8630
234
6302
8772
6670
3938
3935
379
7815
3086
4600
4019
7007
2328
7733
2476
4214
8866
8726
7560
8622
3870
3576
5556
4972
2079
6297
9586
2860
2485
9892
44
7330
239
2712
1103
825
8978
236
996
1268
6404
8886
6235
4103
5627
6245
5839
8540
2495
3262
8240
9540
2487
4700
1332
9289
8599
9886
2918
1794
2568
2656
9503
6596
5233
2113
283
7373
3346
2668
6717
708
3206
9063
6007
9971
3717
6281
5511
1229
140
1317
3446
3955
2890
6061
5262
3930
7542
1902
7643
4759
1214
4039
9933
1247
3473
5112
6139
7996
9911
2162
7260
3431
5882
7280
7940
5090
1515
5847
8643
4299
6755
481
5181
4323
3167
6163
605
8596
5174
6878
5783
1471
3312
3093
2400
3699
4853
3835
2581
1962
7256
3237
5655
3090
261
3311
5271
3641
5838
153
9927
5670
3782
3860
7320
9282
7769
2299
5803
7738
6169
539
4102
626
8125
8267
3425
4412
957
5368
4743
2584
4304
3804
5157
5228
8621
8829
9361
8683
7338
9486
7482
7267
292
5697
2475
6557
1685
4731
7622
990
5026
4035
7569
8297
7740
3916
5340
2990
3395
4931
7202
1171
8217
4228
1529
4655
9671
1807
7893
7066
5848
1083
5408
7102
7962
4760
8470
9758
1422
3063
8122
6562
8365
8966
8075
5819
6443
8901
7971
776
3400
1740
3010
337
1897
179
1950
6764
7963
1435
4200
1279
6616
1311
4641
8128
2784
2092
8789
614
9997
7551
2580
4017
3477
8751
5585
7346
4399
4029
2050
5608
6567
4954
4360
1160
2223
3248
2472
3808
8101
1809
6956
2336
9017
5357
2103
8511
5842
2596
5517
4674
7639
1257
1658
1387
3047
2723
8957
354
8830
5767
9712
1901
8983
3213
12
5784
4636
8915
409
7596
2031
8002
5212
4030
3079
7415
1540
1151
5287
1002
9526
3820
749
2875
2951
2795
7548
4025
3115
6208
560
3677
2924
4256
265
280
7195
5704
1620
9103
7516
1696
2878
3157
2233
8183
8946
3901
2296
5369
270
5999
2953
7654
3911
3570
9990
7237
2742
8750
1864
6002
7011
7932
2001
830
1884
9099
9419
543
5130
2848
2605
8281
2644
3527
5678
6066
7349
8462
8738
6476
9588
9848
4865
76
2351
7081
9636
2061
8244
3812
8108
3460
712
7151
9050
4342
8582
4072
9545
1245
4338
8874
2341
2396
8481
1995
5509
485
4772
4319
7314
505
7155
4397
5296
3349
3888
1170
2671
5290
9387
7093
3112
7786
3743
1005
4205
1857
3243
2597
4950
7703
6969
6018
9747
5339
3285
624
5619
5725
5635
7240
1604
5492
571
7572
2348
491
2093
4347
4695
6341
4240
2152
7077
2938
8193
8349
3173
7009
2057
294
9914
9560
1548
4685
5956
1310
3603
5478
7519
2323
1072
5292
1032
6758
4866
6621
1278
4250
578
2857
623
7313
4549
7960
9126
2960
8489
7431
4138
4708
212
3252
8530
298
92
6449
9831
2181
4751
1533
3920
9722
3452
7461
1537
2648
414
232
4289
5161
3176
9891
9516
7748
3228
696
1652
7484
6851
5698
7910
8554
9949
133
5066
4280
9307
3416
8450
3816
847
8028
7734
8012
693
9391
8336
5101
1177
5983
8535
9150
5780
8339
2714
4391
5017
7595
7609
666
8716
1743
4891
29
6704
8068
7525
6017
974
4595
6618
9292
6306
5435
3436
2855
1687
5973
703
8461
8668
4448
8332
1230
5713
9602
7993
1183
9345
1148
2130
9930
5276
8030
3383
7379
5332
2660
1989
5687
6461
936
4
6337
6726
9032
4292
3796
2384
8870
5464
5002
7861
887
772
2196
4930
6672
734
4238
973
3445
9748
2845
2052
1486
1169
93
2280
8570
6520
8823
8480
4388
2440
4170
9743
3834
6986
8185
3639
842
5264
4878
7425
5503
109
2430
1622
89
8382
7423
501
3018
2518
8262
2575
8401
4550
6214
935
4104
9648
9725
4112
7271
9498
7360
9091
1819
5583
5310
0
8415
8989
5172
985
7716
8323
3594
8766
6320
1941
3117
8701
7054
6579
6296
3759
3355
3013
5184
6554
5553
3289
9656
4919
8602
1541
9542
6660
7295
8422
7957
6733
849
6797
8052
995
3852
1264
5373
7529
9476
463
7868
8990
7481
2680
2471
3851
4381
8198
1870
6465
7222
4684
1321
1691
7325
8388
893
384
6350
2088
5333
1852
6254
5560
6515
7497
5706
160
9579
9649
4984
5606
8819
3554
4046
918
1969
967
7462
5418
6257
868
1262
9838
6206
2933
7849
5633
7937
5160
7218
6827
4824
1528
3353
4744
9225
4440
3438
9929
6
1263
6240
2150
8228
9402
8549
515
34
3883
3382
2120
4324
3444
4208
8374
5540
4786
2593
307
6486
2686
1266
2029
1572
7777
8844
7587
5325
7269
352
1966
1833
2291
1456
151
6088
5569
9440
1272
2549
6450
7612
9775
9811
1828
5414
466
6789
4924
883
4309
4627
7758
3144
4160
1089
6284
8006
8010
6857
5620
5683
1973
8529
7891
8226
1085
5219
3604
1722
321
8603
99
804
7653
5347
9857
2800
6890
4196
721
7943
3210
1602
4473
1354
8060
86
3889
6936
6262
3596
4985
162
7968
7919
441
1111
755
5426
9411
3466
8730
9381
6997
2320
7137
8694
1197
7545
9447
9638
688
2447
7557
1469
798
1855
3880
7335
8962
8431
7674
6983
5826
678
9833
9243
4172
7180
9200
4277
1280
7439
4245
2634
5524
2766
6707
9512
9160
4348
549
5535
3869
7974
4789
2142
6427
3026
4916
919
2863
8589
3292
4748
3666
9524
9678
6165
1916
9477
6104
1162
5526
5297
15
6649
4932
1550
4738
5952
1003
2428
5607
6590
6457
2627
9421
5344
4999
1411
3711
8686
9436
3673
4883
7095
4746
7206
7600
3420
6916
720
8982
8404
2779
5964
5127
9189
6374
2599
8294
5876
6531
124
4885
6912
1835
9537
2774
317
3319
1237
6466
7426
3818
8702
4215
8282
929
4519
1251
5361
5151
8921
9909
1842
1453
861
420
3578
4357
9871
2538
5520
5948
8545
3579
4107
1733
2424
7945
1454
7941
5469
1917
2058
1259
4002
9592
5528
5483
908
1064
5375
2706
4154
6303
7876
6386
5432
9223
2064
87
5354
4962
7917
1391
6697
3290
8661
8767
2024
6041
3085
912
4526
3867
2325
8497
9175
621
972
1566
4158
6873
5307
2427
6307
1806
5712
3044
1633
3203
9679
1662
6395
7930
258
3730
4212
651
7627
8918
8286
6133
9582
2242
9756
3030
4888
382
3655
1513
3886
4355
9301
7725
4311
8205
999
1174
3453
3217
475
9341
9940
2751
7933
690
1553
7754
8807
2410
916
8624
8935
3843
9298
2269
1820
7939
4660
1369
170
446
2083
4661
8633
6108
5759
3032
3643
9887
7416
6961
3821
9950
5927
9177
6695
9908
3854
4506
5779
9693
6632
6414
7880
5916
9043
6906
4705
4710
6054
2074
105
6538
9639
8021
8556
8177
975
5685
4502
2098
4221
7766
2523
8016
1564
2879
647
6598
458
2253
535
2237
1366
7140
6657
4829
9277
2633
7275
8699
5088
4463
357
9215
67
5145
5027
8302
480
8453
1020
3769
630
6368
509
8909
141
6947
6109
8111
1271
2859
1417
7750
2349
2451
126
8650
5863
2040
33
6638
8645
7089
3829
8351
2872
2594
5342
4850
9444
3387
1246
6209
1738
8964
7321
8714
1195
2787
5631
2976
9465
2510
6394
8309
7368
4724
503
9335
5422
6566
2799
4986
6767
6774
5637
6221
5676
8626
4393
9470
7441
143
6885
667
3550
5376
7353
3775
3434
5753
6218
6925
8305
5649
9469
9874
1631
9973
521
1801
5246
2934
4313
7757
7823
8472
318
3777
1284
3881
1274
6269
2886
4387
2530
5437
3334
3046
3341
3756
2842
5628
1926
2422
7421
185
6942
308
4507
1514
3725
9108
7850
1396
2144
9105
5976
5821
9641
7717
8250
3029
9967
4942
1932
6220
3495
1918
3972
201
901
9885
584
662
1721
5613
8648
8436
7115
9359
2484
6331
8972
4316
5944
1892
3575
2961
9730
4480
7826
7200
9362
8591
2115
6631
5213
6203
4258
6671
8025
344
5867
1069
6971
3116
2222
4650
9918
9109
7709
6662
8685
6464
1379
1304
822
6555
7406
3664
6015
9471
5442
4377
8331
7341
5512
5204
9810
3081
9000
6238
7345
1281
28
6761
9385
1626
1013
7386
9101
8066
8977
5485
8524
9615
9365
5786
490
3558
5774
1036
8164
4631
5206
6170
2514
546
7427
7127
9274
9572
9327
747
7676
3022
8905
5795
5069
1948
2452
6022
3109
6387
7741
1499
4679
1360
2069
2137
540
949
5451
9007
6077
3069
6204
3471
7429
4123
1638
3959
9201
4253
7795
4618
1665
1086
6158
6073
3137
5044
8288
18
1646
9816
1157
1805
1616
3946
9757
3485
9040
4841
2492
9067
4726
2681
4271
9393
7242
3518
9749
497
4920
5672
8563
4511
6120
24
6542
7138
1732
3838
7108
4404
7614
6126
5574
8756
1591
9062
1302
1465
5427
1850
9013
9798
728
7285
2883
5164
1908
5152
8153
8301
3209
9228
8805
9162
6691
7736
1276
6583
9731
2690
1058
2874
4612
1555
7731
4273
8113
5459
1192
9528
5153
74
4494
7773
3690
1295
1644
4452
5239
9354
2278
519
2852
8900
2493
9293
1573
7016
7028
3049
3853
290
3405
9532
2003
4944
6940
2556
3331
8170
3859
844
5089
1583
4847
1628
1024
6941
4714
7370
7693
5241
2199
764
1925
111
5282
7955
8836
8856
3208
3076
8477
343
6154
1188
4630
3411
8681
1113
9296
1630
3606
6231
1895
4157
1700
6743
4838
6886
1636
8023
2663
2310
6708
6894
82
6808
7633
1751
1071
8816
6298
4272
9715
5624
9258
9955
4129
7556
682
2497
9451
5852
3017
8070
4818
9865
2623
8246
8585
17
3464
9599
6608
8926
9147
8069
2642
6105
2112
6988
1299
1763
7207
2308
1296
5590
3329
7215
3697
2802
1025
502
7175
3587
2531
2703
3508
7126
5295
2164
3366
4092
6050
100
8152
8678
6741
637
6114
4893
8479
570
5639
2132
1894
9571
4283
5798
5320
3152
5429
1146
7947
8150
5147
4625
6721
6860
7192
2630
1400
2928
4403
3531
2764
6112
6148
6839
7337
3605
9509
158
947
5508
9698
2614
613
1752
7792
9882
327
5079
8736
1415
7543
2693
1536
2486
3580
1468
3560
9669
4439
6630
6274
2219
6052
4430
8307
6849
8680
3276
2191
4766
828
213
5536
566
4244
5028
306
9340
1888
2717
8329
2915
8821
906
2306
8418
4897
1653
2985
3274
2464
5023
7713
9349
5443
5468
1443
727
2870
7743
3148
6200
2228
1838
3887
6224
6901
4680
8728
1757
8667
5835
3646
7895
3016
3472
710
7779
4727
5772
7404
5111
2897
6186
9633
5363
7928
9373
3339
6830
2077
6869
1437
1076
1734
5456
2652
5796
2002
5050
948
5454
2946
7458
9291
9928
7578
5386
370
8748
9232
2047
4027
4937
2861
256
8194
3542
9297
8510
3966
4992
8792
408
2655
49
4961
8318
9890
7350
2921
7681
2054
439
5173
264
8560
6816
2941
1798
7705
6927
8371
885
8627
8532
5979
4095
3188
70
4204
6074
7644
8513
4967
3718
4275
6029
631
7273
1084
7122
4529
7024
8214
3304
3107
8243
4929
1376
7573
2936
2006
168
8231
4709
8499
3220
43
6141
8251
5162
9076
9337
2405
339
5390
1800
3708
7374
9959
2143
1018
9614
8588
3732
8102
3944
7258
6835
48
9692
5345
1694
6226
3363
8168
9675
4567
6436
6887
4793
4034
5005
992
8959
3900
273
6178
1632
1066
2030
6179
6062
7788
1004
2776
8871
4405
1012
164
61
3971
3356
9313
8277
4201
3827
8825
6325
4837
1256
795
4570
2136
6604
3687
3963
1745
2174
4156
2408
6494
1821
2266
4989
603
285
8575
1782
9441
4947
8515
1923
1802
2587
3327
6316
9092
660
6106
8099
6589
3474
6168
3491
6161
9204
8533
7033
2726
9531
6065
329
706
5539
2767
2416
3487
2624
8832
6913
3714
3280
5486
7980
7885
9019
7340
4167
1790
2550
1776
5034
3105
7871
1040
8695
7663
8423
1900
9220
3492
7364
7467
3839
7130
8777
3061
6117
7720
1337
9834
1576
9036
1933
8518
6467
732
8565
9626
5866
2746
3784
7783
6212
2247
9094
7774
6456
9992
3744
9120
1509
5024
2585
6791
3023
3418
1244
8638
7567
9632
2008
3328
9030
3921
8112
5858
9342
6362
4165
5473
4712
4379
3954
3125
3556
1773
493
7689
1952
8945
5391
7432
101
1967
5497
5616
9721
6696
2959
1830
7906
4544
7523
7636
7772
9271
5046
5294
3135
8103
2171
8348
7554
4666
2262
576
3034
2968
6047
9041
2736
9658
6532
979
5208
5309
7496
2078
2399
2640
8876
6173
2009
4169
3124
5565
9709
4969
1987
2940
6775
5928
8561
1232
1305
6533
1473
8539
5462
5197
6083
5654
5811
102
1510
4125
760
8412
857
1088
6863
3913
819
7104
7292
8933
8466
6819
7563
6153
3535
4729
1178
4294
8922
9862
568
8373
3367
8203
6965
9210
3766
7308
5353
5982
658
3347
2537
3130
5851
4481
9508
2048
2490
1476
390
5572
4290
2545
6192
5110
2804
1134
4863
2448
5372
2426
72
6864
1938
9935
9187
7901
4330
9728
9530
8402
8798
5299
8366
6131
8700
8245
5472
5908
3569
793
1344
1675
6430
1582
460
7022
6391
2586
2750
8026
7905
9836
459
3426
2236
9110
1874
930
9106
5043
1099
8862
5567
2973
4433
3515
9006
2178
9180
7658
3892
6246
1608
7816
1530
7212
381
6967
3295
5311
3858
4532
5538
1452
4239
3211
7327
96
8372
3340
615
744
8395
573
5494
5471
4628
98
1678
5573
2978
5105
7916
4322
9575
8635
2522
6468
3082
1362
37
8895
4580
20
9478
8761
1825
6124
4952
8369
5941
4483
5364
6332
5844
8148
429
2160
8181
5382
1522
6606
9308
6489
751
3893
668
9475
4948
5605
3748
3384
2881
1909
6392
9853
6690
7835
8379
4358
2689
9490
5035
6994
8342
4395
3534
8142
471
7667
1695
4080
6352
9137
2840
4504
7686
1949
9004
7528
792
2641
5593
6267
816
7276
4063
8046
4558
8121
7495
5274
2516
7362
4573
3704
5304
5545
9580
1517
7250
8463
1000
4464
2763
9195
7172
5626
5420
6175
7591
642
6102
8586
3483
2562
7409
4378
5281
5260
9317
1017
2854
6760
587
9279
1639
5380
9127
2906
1689
1795
1447
4815
2773
2984
4446
801
6609
6985
1098
582
9049
6813
6933
8376
8550
1265
7191
2205
8952
2021
9742
4422
6021
7265
2849
1978
7468
8908
8350
2044
2385
7444
7863
8047
5731
6582
4858
1708
3098
6770
4542
2724
531
654
8522
8664
7075
8387
1975
5193
3257
4810
9727
5710
9355
51
305
230
953
1359
4762
5571
1971
2438
5726
5775
8853
5389
3849
6926
3374
818
8032
7671
8617
1953
9867
1392
5529
2212
8996
1715
9565
7251
9138
2121
8835
5008
7998
2157
7775
7412
1365
251
4993
4486
2415
9581
4389
1
2333
8543
966
7606
4341
6903
2327
1946
1982
6372
8576
5202
8923
4037
9068
4281
6622
4484
5496
1293
8682
6491
7970
1285
5275
1502
369
5878
1216
8625
5059
7896
7585
7659
38
2701
5937
8884
397
4045
4000
6614
7326
347
8420
5597
4505
7460
3235
6846
4315
6676
9171
1729
2465
1520
9566
5249
1699
5256
5433
8493
4436
6376
6025
2170
7533
4592
5612
5674
4596
9803
5677
8858
4980
7478
7929
4737
8219
7398
8881
6437
3922
1570
523
5675
1081
9257
5666
5707
8456
2331
2524
7504
1131
7485
8076
8133
1963
5963
5849
4899
3058
6363
6646
2169
8254
3226
8548
221
1397
8997
6686
8674
3694
3523
4882
2678
1184
9217
8666
9703
9145
9010
1758
2204
9438
5142
9578
1374
1320
6516
9314
5814
4097
2770
3831
3833
1741
3057
7977
4223
9338
1589
2027
7487
9016
3628
3121
2551
2899
628
7655
4613
2063
4499
3256
1011
4306
6581
6227
9357
563
1702
2909
6530
7958
4716
9817
2708
7617
5053
8218
3719
6483
8192
6585
8427
594
6763
6183
4668
6451
4326
2467
483
6338
2608
9753
364
959
2185
8566
3501
7163
3134
9812
7274
7397
9306
6580
3103
2504
2344
2483
7699
5379
4819
1428
2202
9315
6199
5663
7889
3647
7000
244
5446
4287
7935
6667
6673
4955
6826
2612
6683
567
6485
4732
2110
704
5958
7236
6960
5588
5657
368
7679
6571
2730
6744
467
9759
351
1749
7221
6164
3222
5413
3857
3995
9462
3551
3089
1309
3670
3033
5020
3997
2758
965
9525
7646
3925
956
2602
9454
1342
3864
2192
4683
1637
9265
2065
4958
5186
5025
5265
8762
854
5872
219
609
6057
9395
3177
73
2407
775
4520
4252
3631
3701
8381
3159
6304
2570
4300
4537
6588
9591
5094
7986
6172
4795
6922
3316
1544
4706
3728
1873
3894
4094
7165
7301
6265
5752
1532
4251
3940
1416
964
9382
3052
561
5522
2043
7882
6788
3814
6561
5200
7289
5693
123
5114
4351
6250
2782
9054
7358
9659
2945
9148
4982
6478
1045
2907
9463
9866
3506
9744
7471
3386
7832
6905
4656
7355
8813
6068
2540
55
2005
9065
9104
9518
1744
1976
3476
3337
9682
6858
7059
778
7312
6264
4259
6825
4733
47
6180
9031
697
8708
4301
2566
295
6989
6773
7098
6035
1159
9249
9122
2790
9116
1248
9574
4031
2456
7969
5284
5436
1666
3190
3751
2460
9980
9241
8175
8747
9085
895
6417
6094
5367
6750
2060
8606
7365
4213
6688
997
1650
3932
35
278
940
6107
7188
1912
8939
2691
4279
6019
444
4531
5828
1459
5360
255
5280
9952
6776
1970
7728
1070
7435
1788
4517
8417
3522
2434
1218
6137
839
952
9778
9550
7465
1983
315
3475
7923
9657
9325
9059
1426
9267
1028
4603
600
7058
4977
7825
3021
1660
7168
9390
3205
7867
4265
3127
6517
4634
2461
4385
6536
6977
9643
2574
5791
8201
8519
1189
7692
4038
9388
2215
3342
2752
862
6482
346
9511
5756
7375
4874
2738
859
592
6411
5929
8843
8065
740
2638
5405
7888
608
4852
6777
5823
6149
6030
9346
5176
9850
2159
7922
3215
7833
640
1408
4141
4673
5868
4429
4001
8711
8268
452
4572
9072
5967
8432
9883
2391
187
3547
489
9823
7541
3095
6384
1277
1318
5421
4933
3619
5383
3005
599
7455
4775
417
2950
77
9493
8520
2813
1343
8408
4591
8930
6328
3458
8394
5250
156
9644
5273
4489
6875
1488
9456
8651
2980
7385
3899
7283
735
7696
3837
1125
7735
6044
6597
2753
7780
5134
6655
7629
7802
8222
5448
4711
4669
8333
4541
8704
5601
5584
6444
1250
4065
4361
1706
2106
5920
4011
4896
2141
1439
2850
6389
9369
8087
1112
1817
3904
9634
3264
8104
5647
177
5562
9117
1579
9613
2841
6519
1951
6020
3066
6749
800
1988
5892
6233
2230
7351
7296
8042
1326
6283
3909
9665
8287
8791
9323
1556
4444
671
1489
3457
4978
3526
9732
8892
4825
7405
121
8498
4752
9396
1693
6289
5384
155
3408
507
853
6800
193
2208
5140
2437
2722
6783
3636
3591
8857
9311
7072
5428
639
3582
1504
79
8778
7762
56
5107
4109
3462
6237
3532
8107
5068
3401
5048
4602
8776
1403
5009
5961
3802
2868
8197
6736
8361
9969
8709
1031
2647
9403
3412
1690
7975
9288
9100
3520
6850
7434
1964
4318
5515
4344
7575
2457
8506
8208
1554
9642
8601
7388
5521
8319
9674
5407
832
7053
864
3865
1797
8492
6600
5669
7457
9284
3039
874
9539
6123
1718
8600
5516
3432
6818
1607
742
7803
4052
9888
8660
6771
9856
8384
9635
2884
2598
9713
5401
7546
7603
7469
6122
2817
3505
4783
7521
7992
1241
5314
1463
7302
2313
6769
4384
4934
2919
9624
4088
5056
6946
8808
2302
376
6048
6877
8665
9840
3981
6552
7961
7096
9670
5773
3871
2184
4756
9534
2626
9872
3293
1719
4209
7079
9777
2201
8557
7
4418
416
5739
8974
7120
3151
1683
4939
9422
9084
4411
2303
845
8653
4589
7787
1697
7391
8464
6628
287
2856
4535
8618
6397
5220
9960
4767
4719
869
7494
7097
5378
5564
3007
686
3629
5797
9631
4262
1430
5550
5312
2417
6832
2646
9219
4421
3071
7631
548
6992
9763
7121
3797
4626
9555
7507
3255
6955
6252
9400
2034
914
6089
8237
5843
601
2734
1755
309
7564
2993
2020
7085
2679
7707
3805
8380
2258
729
5138
5746
9937
8163
7424
4773
557
2898
5831
4090
9824
4076
1796
8810
6142
5318
9231
2480
5711
1358
7279
6228
2134
2284
6470
4189
32
8279
3546
5419
4792
8849
3122
8346
85
6295
9785
7483
6078
7632
4087
1775
766
9629
7210
3654
8278
5547
7796
3828
5350
684
2914
1341
8707
6689
3132
2650
8967
2080
6321
8526
7742
8887
7229
1006
2446
2557
3478
9234
4051
276
9203
6431
6502
3989
2917
3721
3488
7148
7073
2731
4849
7511
6198
9536
9617
4566
7911
2588
1992
7583
9799
782
9319
4049
1194
7241
7855
4075
7141
3947
5120
403
9806
2975
2301
672
9523
1056
9946
6034
8020
3185
9143
6191
7428
8509
1905
1039
9417
3302
982
5740
1577
4266
8544
7157
5859
6285
5787
210
2913
9553
5602
7965
8675
7400
803
9587
840
2293
6931
4763
9005
3710
4875
6006
9290
2825
9846
1073
1306
9943
1286
3958
6529
68
7637
4547
6261
4022
7057
1421
989
9646
6223
5052
7268
7798
6674
6507
9916
9021
8658
4563
9352
5642
7534
7032
3601
9506
4620
3020
1154
5349
1240
2133
2716
3399
5644
1406
9339
9724
7367
938
7315
6033
8764
2675
9304
5100
8865
6247
2454
1928
2167
9622
9502
937
5751
8999
110
6715
4670
5010
9963
4621
6921
9610
8662
6271
508
1785
7829
7114
5794
4241
6643
2270
8187
5096
1135
7479
9501
9163
3592
7389
6559
8151
1546
4168
3949
6196
5708
6373
5412
2733
1258
4203
525
8787
821
1655
4284
3422
8944
3234
6599
3599
8925
3979
5141
1717
5268
6236
90
7727
2651
1220
2243
4782
3613
9188
1853
7983
2635
5984
8672
8684
9819
1404
6537
8500
6949
4707
3091
8045
4026
2543
5980
2793
3584
6440
6300
4163
3705
7290
2912
7503
8474
9773
2268
9248
272
2715
876
8863
9254
556
3036
2509
5196
6096
6101
4009
3999
5945
3715
5136
1225
8861
1739
8439
3758
7088
3455
7306
9027
8421
4048
3450
6570
268
3027
5890
5907
7853
4918
173
3351
9221
9605
3737
6619
279
1213
1526
635
6282
6930
8551
1402
2529
2353
8443
5306
6111
1372
1677
2637
3059
5285
3024
6547
9694
6406
5543
3700
97
7801
3301
4554
9190
8994
4816
5400
8507
5460
5925
3261
7879
8605
6716
2561
9409
1996
6987
9286
8390
7038
499
4694
8211
9845
512
5259
2970
6578
1444
1601
6527
9944
1331
8178
5007
5283
2760
9206
6425
8906
8639
2014
2264
3772
6678
4784
9474
437
5860
9547
5159
9038
9303
9552
8040
2279
1042
9767
1614
6084
7001
2097
9070
6330
9149
2051
6669
6194
4142
5975
3712
6666
7018
65
9495
7953
1052
7450
8718
9434
2194
4149
9932
217
3726
2967
7805
5884
5589
6415
450
4609
5450
8137
5514
2718
3350
2735
6718
5846
1885
988
6244
5445
2999
1424
583
2794
6654
2866
7698
5723
9535
6503
5651
1485
620
2713
8416
4525
8434
3513
3734
3507
4454
7812
770
634
3406
2423
8883
2282
6962
5371
3789
5129
9194
103
3053
6938
1861
7648
2256
5301
9729
340
3273
4374
2601
4568
6651
427
4973
6266
6929
7884
7840
3882
284
6434
9843
2721
8924
3514
9677
7675
2937
9468
263
2381
1692
3933
7625
6569
8929
8899
6876
9353
474
9460
4124
5757
1129
3133
5243
6428
8812
2628
2244
3158
8691
1595
50
1793
1223
8872
3544
6603
652
6079
7561
7249
1273
2547
5646
3703
7638
3004
9688
3672
3650
9784
9600
9771
341
3011
1723
6241
448
106
7201
4512
36
1166
8098
4991
495
3633
1346
4496
6498
4876
9974
2108
619
8088
8216
3324
8071
3178
1145
7193
7449
7492
7176
383
8534
7063
6379
4809
9473
6345
2225
2824
2138
1735
2297
5587
6991
934
9920
3568
3238
245
8546
6291
5681
7860
2357
476
1108
1215
1423
6706
5231
137
5126
7524
4247
555
1143
406
1567
3914
2659
2657
9820
4069
5266
4682
4745
9720
2765
2224
4976
3720
407
2996
5121
2179
6560
6255
8355
7951
7363
4206
4073
2158
4787
7589
962
3581
9270
9779
3630
3652
7208
7621
9630
8763
7035
7691
9931
1242
7277
9788
7642
5617
2265
8917
400
3490
7173
5645
314
1019
1087
8679
200
4089
6462
6217
8303
5652
4257
7270
2066
5108
9620
4588
266
891
4855
5901
7182
9716
5013
7505
394
7395
7920
4527
6219
4231
2805
5381
9618
1787
9449
1389
4459
5352
4426
7025
562
715
6286
7329
1860
447
1496
9699
7377
8115
925
3043
7944
1990
5063
2075
3975
3824
7100
9472
933
6156
1425
6508
1161
211
1355
4912
1688
2107
928
3270
2439
1705
2927
6278
7808
833
8521
6037
7480
8788
1345
9450
4909
6920
9801
6924
3964
4557
2972
8954
7594
736
4153
8800
2762
9690
7174
3192
1814
7498
6612
1490
9590
8015
9780
412
4407
430
3968
8022
4546
338
2203
1580
7846
3126
3296
8326
2445
5289
9691
9389
1560
3239
9776
53
2685
3481
574
8117
7797
8140
5148
107
2329
2288
3825
5661
2210
6862
4910
3465
7219
4645
5154
4761
5051
3757
7284
8321
7194
3675
4143
6484
8386
2798
5816
3962
9772
536
6058
5402
3435
9529
5012
9598
7954
9
5656
2314
1956
1434
8715
9252
3956
1460
1619
5042
7453
3736
7307
826
9375
7491
4488
3686
5030
2579
8327
1625
1205
2954
1701
9556
8783
8370
6305
2553
2067
542
7770
5813
4503
4195
8838
6039
6027
3785
1487
8224
7253
6918
6403
5119
9564
2908
9348
5598
5190
1196
6810
9683
4659
3019
4769
4691
7834
9991
3659
6340
8885
6249
841
4968
577
8300
3609
8512
6318
5074
9559
7318
8082
2315
7177
479
5970
1150
4216
1033
9453
1539
4960
391
3754
9029
4066
7042
7912
8503
4083
7645
9603
4460
8734
8864
9706
7190
6730
3773
6055
8727
6874
9069
8743
1393
9608
9621
6453
1385
8429
2004
5131
4599
4336
7890
1891
4243
673
214
2747
8538
590
2217
2949
2404
304
2925
7047
22
591
6160
6347
8501
2965
3739
372
9080
9855
2197
311
6313
9166
9965
4147
3876
5490
2330
3953
4298
1868
4432
4941
6545
6145
5981
4033
4970
2761
9504
1736
1859
4832
7859
4482
1253
4964
4904
6195
2991
4021
8904
7985
349
5403
7506
3842
6371
500
2156
1126
4892
8343
1054
2894
2361
421
8784
5150
2838
4013
366
2558
5232
3928
5346
253
3895
8335
8259
8963
5385
3653
2674
2676
5404
9611
6418
6136
5799
9676
1158
4410
3819
6895
4686
5862
5885
6970
1046
8670
6171
8852
2294
8141
8659
6978
3657
7942
4995
8172
860
7381
5337
2435
907
41
9183
3574
1015
7357
1535
9538
7760
3761
462
4528
1298
8932
2359
8383
9406
4441
4492
661
8242
7410
6100
5721
8210
2600
6975
7784
9088
5321
7489
6216
7490
6803
2546
8280
3236
4551
9336
4646
4310
3967
4468
183
807
5242
8937
3668
1585
4179
6982
3977
8291
4833
4110
9783
16
9022
457
6787
6802
7814
3788
4353
4699
4220
6725
9979
5760
4276
3396
7264
6785
1903
3755
8414
2421
8732
7417
4540
8027
6675
4191
3381
779
5338
7356
2046
3661
3080
6500
3040
3815
486
1288
7677
3918
7123
6060
610
9368
4543
6118
1312
2502
8345
3306
8502
2022
3810
3037
7843
980
9561
4232
9637
5551
8283
411
172
4041
4155
580
5857
4064
9061
2853
8393
8199
2829
5615
8179
2374
8410
2892
2513
5182
3644
3183
328
9513
4629
2955
6312
1303
3565
8190
1035
5085
3951
8690
6932
8960
2342
7132
2661
7978
6242
5968
8367
2089
777
8595
3537
5073
6260
1482
1141
4500
199
4359
8096
8717
656
1682
5873
8440
7987
2542
6358
1227
3830
7605
8986
7690
3307
7464
6351
3729
9056
3915
9154
698
7031
4118
2832
1831
6549
2491
3268
6829
5720
837
3952
388
4662
5071
9392
3379
3136
9272
2500
9461
2017
2567
1865
7535
998
6359
9262
1516
9437
2477
714
8541
7220
2375
2816
2997
2569
3691
5743
1747
7112
643
5817
6551
4778
4325
9051
3811
6732
718
1518
5396
915
6781
4974
552
5394
5603
3345
3980
5080
4846
7927
4400
585
3325
2974
3320
1410
4774
9118
9407
4820
9936
204
2316
5076
3961
30
1893
312
1307
881
1027
7149
2283
8527
4688
6635
9170
1324
9668
323
7171
8433
5326
2786
7027
6010
8310
2835
6652
5650
1181
7764
4174
8790
8375
1491
2180
6201
4957
4182
46
3451
5566
7538
2322
4997
6539
8428
2662
7984
2254
1350
4923
3645
4131
1308
4070
216
4935
3548
6842
445
2175
4491
1022
4578
2709
9305
7146
5475
6650
872
3936
2474
7635
9884
5189
2904
3993
3423
7925
2251
4776
2888
1730
7359
4366
2218
8173
9953
2073
5277
9278
1812
7794
9521
5909
6308
6424
7160
5365
2847
3441
4099
1651
6510
4560
753
4218
8392
1603
8775
809
1438
6069
9672
6698
5940
4870
8315
451
9839
3015
3191
6880
2420
1837
13
2797
786
1203
7117
9028
194
3884
4635
4822
3174
9481
9302
8955
6477
924
2622
2042
9994
3166
9576
1450
9089
300
3110
1448
3038
3250
977
6799
9794
3998
1872
7080
9988
7354
5653
4658
1190
9047
8523
4345
2207
4485
2373
5230
8009
3512
2710
638
4113
6636
2896
7347
3459
5395
855
2807
5946
2969
1269
6728
8875
1594
2482
3559
3716
6740
1008
1615
8265
1347
5045
8597
748
1847
9283
1455
9697
8454
8494
5575
2810
6720
7749
8613
9374
6032
5237
7746
785
1768
8614
6343
1664
8048
9861
8334
2783
6753
2862
7597
2345
4677
9445
4091
1352
1235
4186
7334
4352
3499
5899
8485
8647
2583
8438
6710
7196
3990
8698
6747
2392
9408
8677
4577
8034
9796
3155
7048
7950
3145
4703
9093
4689
6739
3315
4590
2146
8083
2347
7565
7580
1679
9058
4510
5329
7186
4447
8688
7824
7227
8579
6258
4692
3421
9167
970
4074
9073
9412
1538
3394
3330
4466
8649
8931
7623
699
8765
7297
2425
7683
986
6745
9222
4477
589
1105
196
9491
9628
5966
9125
1349
7185
1756
9499
5758
1118
4349
6327
2165
3362
1153
4796
1381
3519
5123
8927
8987
7647
9240
6147
2240
4350
4813
7324
8517
5482
1937
3723
6455
5990
3308
6009
6765
6458
4442
6103
5845
9650
9330
5850
4501
9567
5387
1562
5217
4382
9081
60
3433
5623
7252
8786
4236
9837
7390
5106
7634
2019
9821
7438
6370
875
1728
5254
203
7715
1091
5163
6463
398
3680
6177
871
6512
1016
4611
2276
3249
3856
5183
7680
3683
2533
6119
6945
6324
7247
7517
2045
8097
2833
5840
4994
9755
9356
8270
3877
2338
5062
9001
547
122
5122
198
8241
4043
2463
3120
8771
6923
1568
3561
593
3671
6907
6188
8508
257
8949
8826
6070
6859
3571
5660
1605
939
9097
902
8757
6534
9448
6446
6866
2431
4183
9430
7708
3189
9745
3987
2964
7502
9616
4181
7371
5621
4723
1764
856
7702
5682
733
1955
2036
8100
2603
1940
616
7343
510
5735
4842
3742
1726
4130
7372
2274
8202
2406
8146
9237
4193
3291
9378
757
8004
8806
9832
8341
1226
1407
10
4475
2372
8118
5225
7477
3169
4754
9075
768
2843
8919
4093
2365
3075
1656
7311
3305
9140
9558
5447
5776
4497
358
3456
2248
569
3359
648
8459
8409
943
7183
4376
3872
3774
3282
7211
5348
4453
1445
1549
2362
2116
2865
8973
5889
7806
2387
2442
4498
680
2520
723
1493
8120
66
2468
1799
9573
5902
2307
2823
2494
1727
7470
9320
5658
8212
1096
9899
9781
920
3317
3008
470
780
6004
6093
3000
3272
5702
4028
3012
2216
231
4235
192
1716
1211
961
9186
3298
4879
205
2702
6205
8476
8859
1866
4597
8058
2631
1467
415
4159
9510
1419
3240
1041
7751
3563
2571
9053
6442
8873
6003
559
1911
8059
1974
4806
157
6738
6501
5313
4696
2910
6904
4804
5754
1010
9660
1339
1575
7288
9761
8053
8729
5527
2636
4105
8780
4413
3988
1818
8880
9386
6595
1201
5374
6879
2090
1224
2317
1079
39
9768
4085
9651
8902
7136
9213
484
4523
7166
54
1180
8389
788
2837
1761
3321
765
7083
7278
4176
5137
8839
6722
6388
5591
4307
6045
991
6288
8465
4047
8984
1505
7555
4721
1191
5146
4462
5455
3731
3875
2839
835
9554
7553
5234
9858
3749
6627
4938
2577
5827
513
2271
8396
2683
7608
7436
3182
3593
3608
6779
4607
3161
8831
8890
5087
425
9227
8123
2745
6843
3783
1217
7756
6113
3614
4419
81
9214
238
453
5491
838
7915
7660
7401
6099
5947
2289
8671
3072
6146
5054
7626
4996
392
6896
789
4392
738
4747
7518
9380
6702
8669
3826
981
6784
8616
6727
8817
4907
4401
31
5542
7989
7982
9316
3674
7862
5315
6668
5749
9087
5629
4082
5029
4248
8116
5125
9900
863
9255
6584
9251
3354
9972
946
1100
8578
6038
7878
2741
687
6693
6129
1792
633
3943
7531
3402
91
2873
4601
7238
2360
5912
5133
3698
5741
5960
1815
7044
9957
405
2326
1869
3891
8043
374
6794
1029
6364
6723
3449
9113
6380
5641
9098
9766
5949
3847
5417
3510
2252
3365
595
6998
5070
6493
4188
2221
9804
1075
4150
9310
7451
5286
3241
4369
9428
2227
404
8841
5255
1991
6356
5156
3074
1907
9246
4730
8239
9009
6448
1867
8293
1939
5818
5701
8290
3817
7926
8473
2488
4451
1896
9557
7378
2364
882
2444
9903
6511
8063
2038
993
4249
7522
8467
4811
7414
2688
3216
2376
2743
3083
3787
120
9925
9983
4059
6990
1927
1238
4889
3709
9318
7332
3845
1179
5104
4380
6617
1839
6807
9938
4368
7101
4219
2177
8444
9273
1062
1904
4921
2548
8188
695
9835
2018
3003
8741
8358
4987
5770
3656
5041
4828
4807
602
7570
4757
2971
9680
705
8469
7131
1823
9446
2470
6682
5576
3393
5931
6167
1780
9119
3879
3207
4988
6193
5992
7369
57
1663
7493
1609
9995
1152
9071
175
2508
6378
2844
166
4553
9859
1301
119
1474
7661
5084
6613
8867
8468
7844
7475
899
4264
6679
9769
7078
9218
2380
2429
7303
7873
9570
8773
8269
5913
4845
1519
1703
3368
5019
8230
532
7167
1323
4749
8029
6735
8061
1193
7602
3338
7233
7376
4337
6871
9211
465
3874
2324
9134
1053
7613
9893
145
2684
7499
3056
9710
1862
2099
581
8612
6577
5761
4869
8180
1371
7164
6870
4164
4370
4908
4926
8569
7579
9131
4467
4788
5291
674
3595
5430
8735
6081
4615
2944
1413
6586
4057
4303
7005
9334
1138
8968
5664
6836
5480
3463
5594
3156
6943
19
1771
8719
4949
6957
8953
5625
5022
3199
2234
373
7948
9895
7169
4587
3873
2554
207
8571
8572
8705
3218
4354
3836
4114
6919
6543
2756
1863
3832
6243
6823
3104
2339
9494
1394
5700
5793
1472
1611
5936
7322
4146
4812
8073
754
7921
4524
3219
3795
6329
3269
9435
7488
3391
6072
6974
8437
4362
627
2109
9057
319
4871
8013
3073
6746
6409
8583
3760
653
6809
6064
2697
4956
6637
5484
6115
3288
5764
8483
5047
7323
701
241
1142
8828
1078
9229
6091
763
7739
4312
6610
9958
4293
6152
8236
707
1958
2607
4173
4582
8126
1466
8446
9569
62
6928
5903
9609
5718
6488
7091
805
9457
361
6207
3985
4616
3048
138
195
6550
202
191
4166
7305
5727
9033
9458
1378
5582
5003
9496
5504
1334
4458
8399
1829
1127
7665
3771
4180
4445
7588
3529
8803
4237
1534
9264
2350
3
4914
6602
9082
377
7651
3388
4012
8039
3424
8093
2725
5102
1731
5006
850
378
2616
3970
5097
6624
1206
6460
8138
7440
8400
5143
6319
2070
3500
5965
6225
5730
6396
692
7291
9898
5592
4234
281
7396
9269
8799
9224
6680
2666
7753
4032
5703
2352
1623
8094
3129
6407
7908
910
3428
3848
5604
6656
252
4260
6709
4140
8406
2926
9619
6408
5055
8320
7909
4690
9869
931
1610
4975
9157
9842
6572
4427
7887
4274
9654
130
4649
1811
2466
7744
9168
4014
3541
7877
7061
5930
3297
4100
5996
112
7866
7664
4224
7087
2812
9964
6000
5248
7995
2885
6326
5060
1380
3941
1431
52
419
1565
9112
6067
4515
664
2727
3348
249
1934
8797
7856
4333
5305
4651
4198
8364
4278
9754
3385
2963
8271
4343
7765
2163
8846
9376
4015
731
3586
353
9782
5179
1377
7162
5577
5434
551
2081
6128
313
831
897
9052
1395
9295
741
3232
9115
1781
3994
5397
1429
320
9726
2836
334
2814
3923
6042
2759
1375
4005
5887
4753
6287
7008
3590
442
3077
8445
9133
6134
1543
9164
7147
774
1077
4844
5609
8182
1977
5762
4291
171
176
8920
269
1877
348
8941
42
4068
1742
6861
6190
2084
3780
689
9483
7712
9185
4873
3102
1173
9230
8564
477
1878
4119
1574
737
6382
8794
150
7392
927
8130
496
3960
2858
5815
8062
6248
6694
865
6092
2147
8879
517
5893
873
3612
2369
3486
1960
8495
7988
3863
8204
2401
2995
8749
26
114
7886
7456
8516
8296
1405
905
6822
2182
7999
2827
5579
6934
5599
1648
3885
297
6625
2390
2086
3807
6182
3100
724
7810
8085
7763
8252
21
9607
5439
8011
8079
6185
1204
5358
810
3948
3247
8003
4881
7403
78
5015
9026
433
9527
3084
618
9401
4946
2319
4768
8018
646
9141
1484
3937
8131
6390
3092
8641
7342
5716
6801
9750
1082
5611
136
564
9640
2811
4900
443
4965
5886
1772
6623
6703
8676
6812
9704
5175
8703
9431
8820
7084
224
2815
2911
4375
9519
1929
9976
8266
2958
1779
6293
7599
8980
9851
169
4461
880
7459
3965
8359
8663
7082
5278
6438
8868
6353
302
6348
9827
8687
4720
3778
3494
2239
6882
6475
886
4428
3143
9829
1044
5238
6792
1414
1921
3763
9176
1409
6714
3068
6653
1114
4450
2277
7830
969
7514
7036
1920
5874
115
8
3924
5750
4416
6712
8573
3419
4872
3162
2000
2
524
5194
9155
7799
1832
6911
7263
435
900
6290
1495
1542
1398
9924
2988
7512
1483
6040
9199
2670
932
8779
9797
4371
2645
1436
3722
9802
2578
2966
7898
1559
4197
4365
9236
363
9020
9443
4687
976
1972
1185
8041
6336
1368
3417
9645
4593
1621
4734
6181
1221
4821
3727
108
2272
8195
4575
8824
1561
4415
396
6883
7789
3392
5618
4469
4565
9595
3693
9789
5113
2402
1222
7266
9018
4648
5158
5185
8587
5905
4770
9083
8458
1784
5531
7422
1294
469
350
3310
7161
2559
8451
2104
2478
2200
4880
2340
3524
2094
3131
4823
2499
5441
4364
4735
7857
2687
4801
215
8610
4848
6452
7842
4177
2388
2876
2871
6948
1167
9259
6528
9003
4584
7300
5870
851
4079
7747
5918
1500
6844
6187
3060
2414
2176
4886
4282
2649
2669
4936
1198
9826
4106
7652
6499
5991
131
6734
787
4851
7135
1613
2977
9847
5411
1095
2033
1440
6798
4514
7213
3442
2808
5595
6972
2893
8391
5879
5955
7745
8657
7672
8229
7804
3415
8753
2609
1551
393
6433
2677
3410
3651
8827
2867
9500
4643
8577
2592
657
3154
3868
5544
1704
4187
4194
1584
7076
1640
2413
5458
2250
9202
6795
4808
8634
773
5187
3878
6005
7952
9981
5932
71
2511
5898
1023
511
375
4006
7382
5755
7230
9275
8238
6435
1252
1843
6699
9012
1479
9860
5987
7550
6526
2982
9970
9398
2700
7216
6820
1599
870
5224
5724
9795
4171
371
6087
7156
5336
2220
3624
7782
3934
9035
8189
9870
8993
1822
5258
3230
9813
7319
5479
4133
1037
1617
8490
1123
190
9426
1581
8411
271
5896
8129
1596
6514
4267
3610
713
528
761
3469
2777
9129
9048
3271
4903
1243
9852
1021
8033
275
3844
8696
8056
9594
9377
8850
1390
1649
6132
4890
2987
3025
3357
1827
229
829
6334
572
2989
4434
4736
3160
2356
7106
3106
8754
9423
6143
7593
6011
3055
6127
7107
1642
4285
5500
3503
758
4490
8338
867
784
159
367
1669
3263
8260
1464
6831
1765
9863
3468
1754
3437
5103
7380
6239
4329
5938
5067
6210
7976
9161
3498
1043
4184
2732
2737
80
2618
7628
1432
9144
2665
5841
9418
2552
6786
8362
6565
4702
3142
4718
7184
8746
4665
9999
5223
8174
4320
7060
3407
4040
9696
669
7099
6701
767
9172
2125
4443
4008
3598
2453
9328
2643
719
4431
7020
2521
197
9666
8943
95
5518
7899
6162
6497
7714
3470
7433
3172
7509
8256
9515
4905
898
2295
9280
1959
6367
6556
2145
2613
1282
2818
2459
8397
3589
7828
2595
9242
7111
9484
5998
3196
6768
1724
1208
2481
4799
7924
3540
6487
2831
4539
3372
9791
9480
8357
4476
2667
2846
1684
3284
9792
5317
1340
8154
4495
3866
9765
3910
7540
9364
5738
8169
9179
6772
5398
8285
1441
9427
5694
8038
3600
2403
4470
7537
1107
5425
4465
6898
7299
9207
8135
3088
7687
8581
9370
2149
4286
7070
9942
685
6174
5895
5875
5116
7030
894
3482
9514
2418
7685
478
4894
148
23
7293
1588
7688
5765
8050
1523
1629
8998
3318
1557
4676
4555
5989
473
8457
5139
9889
5198
2129
7119
1899
7246
9424
4042
6642
8916
6016
3087
226
2449
9372
6640
2363
9165
5308
5805
9064
333
3253
3326
7003
1508
2155
9078
222
9256
6401
1600
3041
7239
1050
1451
6881
6024
8975
7361
794
7852
1092
4295
2211
3146
5477
5215
9281
5415
6979
8136
4742
6339
9287
9989
1119
9741
1461
3696
3244
6410
5302
9954
7043
5170
9655
209
888
9800
4640
6121
4261
8275
235
8725
5737
7331
1886
6899
2526
6184
2168
9702
8419
1097
3583
7732
636
1319
5014
7822
8936
5081
6587
1914
1061
3553
2281
5668
7536
5324
4414
2118
461
9841
9881
9612
4765
9913
8274
878
1364
5392
1388
4121
3611
6211
1446
1547
9173
6116
4024
3855
40
3806
5033
3640
9663
1879
3776
4474
7037
6151
4925
3062
1634
7544
6952
440
3097
6381
7838
8248
6914
4898
922
4229
8263
5732
9121
5600
5011
5640
1316
8057
3746
6659
69
3543
4386
4036
3278
1980
4513
5643
9681
5943
6935
2711
8035
3193
2869
6479
7197
2300
3552
6315
7034
2994
691
9039
6322
586
606
9152
9707
6737
1645
5954
8542
9095
896
8793
8139
6790
4911
5440
2076
4728
2956
8609
2948
432
5167
1297
7281
1239
629
3950
9577
1475
5272
8514
4178
4003
7997
5809
6645
3286
1156
5065
3625
5748
7539
2377
9239
3549
5689
3660
7649
2664
8737
5322
5252
9708
5221
1709
8739
2198
1120
7437
4233
6031
128
152
7245
815
4390
1059
5580
3164
7711
3045
7012
836
6950
5410
8656
7778
9593
6080
725
6593
9786
7383
1399
5667
2436
1657
6677
1219
8186
3336
7310
7697
7532
63
6075
1984
2769
9347
6854
1207
8547
3658
1957
3602
4346
1707
7618
8889
1766
2957
6036
843
9196
426
1586
4424
5790
8105
5031
7217
8731
4449
6422
8196
7234
8869
1659
3798
8713
3753
8264
1681
1116
4417
3620
2135
9520
3225
2544
6469
8505
7046
5959
2096
2013
5498
332
6354
1919
9002
182
6357
5510
7142
7203
6633
3841
2507
7781
9268
2213
1597
9136
9312
3669
5820
8360
1249
7820
3467
7872
5897
8441
7752
4610
8220
9309
9807
5406
2572
516
3738
3521
5988
6888
8721
4522
7684
1270
8482
1943
5476
4055
8249
4739
5792
7723
6471
756
7854
6085
6474
8272
2532
9156
5533
4750
7051
4111
9404
1711
6620
2151
7232
1720
1327
2930
4777
8295
8471
418
5039
9263
8284
7178
1748
8215
7913
2455
8257
7399
1935
6958
7513
3371
4509
3927
6909
5719
7790
8273
5207
5915
4839
1910
3265
4242
1124
7050
5630
4487
5356
7336
5856
5064
5914
9379
6553
7067
3266
4672
4363
2122
9011
4398
8165
6097
1236
7581
7892
6509
8593
1175
3790
824
5453
8848
5921
5319
8759
6644
3665
4545
752
1457
8253
9452
6897
1030
303
9752
5532
5049
3566
1122
5904
9934
5926
1783
3577
2411
6272
3840
8833
6346
6505
2768
1212
4548
9805
8037
7287
5355
7144
2939
2902
8758
7452
3343
7590
5696
1038
254
2819
9627
6966
8958
9951
1760
8558
3051
2625
2290
7831
3996
4569
8227
7700
4856
7630
625
6229
3536
2127
482
4521
2720
8785
3184
2560
2704
5180
8019
8995
1155
5978
1673
3823
2025
9667
7650
8781
6366
2441
3141
520
3572
8623
8308
4305
3147
5736
8162
537
7170
3287
1370
7813
6333
8961
3149
7445
1680
8261
1442
5972
8894
8752
1737
834
1770
2246
3799
5109
7262
360
4861
5778
2082
2778
8611
1315
6001
7730
7582
7446
5880
4340
8882
1945
3617
3303
7474
1291
6847
2771
9549
3898
147
6641
5293
7668
5822
951
7641
9425
7724
8114
2772
8316
293
1063
5804
3621
6144
3496
1999
6176
4084
6525
9984
401
2232
2923
7317
8292
8574
5865
1290
7718
1578
5328
9604
2821
3484
6280
3153
2589
2749
5614
2229
6833
5802
8769
6902
3009
8156
984
2498
6086
2673
7990
2235
6841
6893
7052
877
331
4185
726
1330
8475
4835
8134
553
2503
9233
5684
5995
3035
2830
1034
6615
7936
6828
7198
8981
1172
3504
8298
903
6521
694
8536
9912
2992
4966
8584
3389
2259
7722
8851
2788
5115
1055
4128
4951
1420
1856
5501
6071
5303
5077
9948
3740
7103
9915
6090
5481
1481
1924
3202
9740
6594
1876
9879
2012
1051
9114
2517
7669
4915
4533
4162
154
181
9585
8991
506
4044
5021
3227
1965
1133
4561
655
8306
7055
1165
2261
1501
3862
7090
7574
8652
4574
6416
7874
3180
9818
2378
1635
7666
4868
8095
2943
2748
6232
5449
4332
6884
2257
9467
262
8814
7566
8629
243
9533
6838
6563
6355
2111
4697
6393
8948
2803
534
8724
1137
5632
8314
7348
2719
5334
6412
5467
3942
9015
7827
3684
5549
5962
7328
2916
7139
5493
8455
6576
6426
1887
342
7443
431
5474
3800
7261
9876
6951
2119
2619
7694
9562
2183
6342
7243
9413
5457
7004
3070
677
5263
488
8913
7902
7116
3050
59
2128
8795
1386
3119
4830
7333
8837
9975
9551
8842
2682
8352
1527
1618
8304
4959
9181
8632
4826
8234
3344
1336
165
6522
6546
1654
3179
3108
6700
3078
9139
1292
5974
7807
6900
4940
3373
2694
4953
2010
7883
6480
9947
4190
746
1478
3175
4101
2632
9124
1841
9854
9809
7309
2469
1834
8092
5610
799
3779
6806
9488
9420
1147
3427
6611
2952
9397
6591
2780
1090
6908
9760
449
7026
8176
8347
8628
4408
3493
3747
6454
7244
2311
94
9714
8235
7616
983
6729
1356
2123
9184
2238
1686
611
1209
2506
5906
7153
3567
9343
4802
7918
4922
9906
7946
5530
6375
4372
7413
3663
7286
2744
2105
6719
1233
1001
2450
4843
2462
541
4701
8452
4617
9414
1612
9045
9416
1769
5825
7159
1512
2039
9985
848
3735
1009
1592
4836
5692
5986
8615
4797
1714
3031
3201
7817
5665
8988
3275
7967
134
6759
9350
9037
3065
1930
7187
5812
676
5279
3919
1598
5561
5853
2249
9735
5596
8064
1889
167
7086
8809
8891
769
1418
7463
1994
1210
4998
8430
4552
4971
4556
909
3002
1846
9042
8525
2564
3198
345
9922
4586
8486
3562
4437
9442
6939
9333
9260
7128
6215
1449
7527
9384
9146
6757
220
987
9774
3114
9544
494
6748
4067
9700
3588
386
6253
2604
8562
6157
5578
2905
6605
8971
3682
9205
4456
9489
4296
7729
8742
2287
9902
1593
5341
4210
7408
663
3978
5269
125
4334
6944
3128
6053
8161
4740
7344
2091
9197
4859
7624
6804
8233
4367
504
6383
7619
2032
225
9601
3822
1791
149
2095
5782
8744
8330
4202
7282
4288
7062
7907
5871
5201
9993
288
3364
1065
579
7145
4148
9182
1890
5801
7228
5078
6277
7205
4402
7875
2337
9046
3649
8504
750
4928
7235
6405
3377
6159
7768
3014
8992
781
7411
6705
1898
7125
6976
7298
3170
8200
1998
7231
5728
9363
4423
9253
9662
180
7447
3448
612
6663
7015
2186
7068
7611
1048
8898
9956
1668
5098
3642
8598
7074
5205
8834
1047
4321
8313
3745
9055
8000
9294
422
4420
9686
1671
4098
1231
7014
9966
7972
2432
9077
3413
6540
8299
9736
5199
6082
9399
6973
2140
2692
538
4152
7029
3300
3414
3984
9300
6575
3171
2739
7673
6840
8710
5409
3187
8854
1836
4779
3358
6824
4771
1267
1858
1746
2062
5634
4831
7592
5178
921
4493
802
186
5581
4667
2395
5910
5881
2617
2189
5911
8903
3528
9132
5487
4605
3333
5489
7956
6504
9904
5714
3361
8074
5000
1130
522
4061
2087
4800
597
1007
1712
3861
8322
7040
1882
783
7881
8258
7394
4717
1110
5032
823
5570
812
4136
5869
2023
4606
6421
3974
4990
4780
3634
817
6323
1552
2085
8878
1804
3632
6222
9198
139
1524
529
5253
233
4758
6848
6051
9023
1698
2822
7785
2828
3409
2206
9128
7448
5837
4681
4056
2658
5924
454
681
2397
4308
5335
3309
5810
4117
9216
4018
4425
6917
9415
4255
4217
596
1128
9849
2334
1109
7761
6872
2615
3678
6544
2195
3635
3982
8191
6251
146
1753
2889
2394
3557
9193
9673
1661
711
5939
6845
2826
7755
5393
6780
5004
5688
129
2358
4594
1507
8119
1094
9090
1357
9739
8368
3168
7294
8822
228
5058
8491
7223
5431
8914
5891
5699
5806
5488
5507
8067
1115
9266
9358
6995
7520
6344
2864
9583
7224
5777
7559
4713
7931
9159
645
9497
3403
1786
1913
3246
7272
4657
1880
6110
6681
7092
7010
1132
9978
1121
3204
3118
9014
6361
7473
6752
5808
598
3991
771
7549
2851
5214
8619
8733
468
6766
5083
5854
1382
9737
3163
174
5769
8049
2214
9142
4901
1093
9331
8631
9153
762
7568
7837
7771
1168
7501
5388
1569
6915
5463
6028
135
558
7776
3903
9873
4798
3926
7836
5195
3801
7704
7049
456
5366
5191
5679
5226
5568
8855
4862
6685
4585
5327
6301
2611
1525
4096
3461
7865
545
9410
6138
9485
4139
904
5559
2245
3101
4864
2931
8221
3370
4394
4725
2026
7430
1136
1810
7811
565
4943
5969
7006
2699
7914
6046
607
5744
6314
4579
4693
3229
5192
4062
3931
2536
1506
8225
399
3258
8008
5300
4270
1260
380
5747
2114
8106
797
8897
5261
6098
5864
3908
3479
2161
4671
1624
2393
8640
4145
9746
6954
163
9324
2275
2367
8537
3793
889
3480
5
4132
5502
4803
8448
5519
4060
3447
5622
8149
5359
1080
3042
7841
4227
8413
4604
7682
5236
3906
1710
8553
8802
7255
978
6197
7113
700
2610
2535
3360
1643
6400
2015
7973
9212
5994
9962
6125
8317
944
9941
8804
8089
2286
2621
3623
6273
4297
5923
4654
5177
8337
2433
2016
4226
3335
7508
2305
1844
9917
8017
2188
9793
1300
6856
8132
9034
5935
3028
4884
6473
4020
8985
2053
5855
9910
4010
6259
2891
2049
716
2834
5834
8276
5082
7721
27
950
4268
385
9459
917
679
3113
242
4134
1497
5470
1813
1275
2820
8145
3545
1986
1329
6279
6076
6963
9135
6518
9394
9366
3713
9864
9987
6399
3212
3439
3279
9433
1961
7620
274
116
8912
1335
9828
6959
3352
3912
2072
4053
2255
5203
827
9130
6853
1140
575
8403
2055
5691
1322
2935
7719
7851
4981
890
5830
7586
9597
2932
4207
6402
9322
4644
4619
9689
1498
3299
6492
4834
2877
2154
884
365
1906
942
487
9522
248
911
8722
7407
7793
533
9718
8311
8770
2998
4246
2101
858
2922
5351
8947
9711
7847
1067
5729
8860
5715
291
6541
4715
1353
5057
5917
6751
1182
3538
7069
5095
3314
4633
1778
4455
8637
4790
1068
5245
2389
227
2698
113
8478
4269
8938
4639
683
4867
3294
8950
4781
4571
2979
7695
3489
4122
6796
5745
9238
790
1848
6270
3398
6658
7094
2981
2527
7466
1373
1261
8086
4785
7577
5883
8907
3688
5168
9905
7710
4698
2355
8940
1163
9543
2789
6276
6155
7515
2654
3533
8407
7821
5997
1106
5541
7442
2379
4917
8206
9901
9705
5709
1845
6852
866
3945
8171
8232
9945
954
6490
7678
4438
3667
8051
6447
438
5789
9209
2148
6535
5132
6742
7864
5662
8024
8768
1049
1228
4722
3929
2591
5466
1954
5888
1104
7656
6865
9351
9653
6008
9584
9896
7598
3897
5523
8398
7701
4827
6056
6523
1849
3378
2942
7013
14
5169
6889
1187
7938
5558
4335
6365
8378
7979
5957
8353
5229
3692
9695
9344
5807
9606
791
1641
208
3181
5171
6432
1494
4086
9429
9174
3752
326
5534
6059
1480
1931
8910
6423
5717
4396
8090
8005
117
2505
3939
2263
4564
892
9235
8460
9923
8689
960
4653
3902
1676
5416
2962
1922
8774
83
4254
2193
1014
3585
1139
2785
2100
6150
5092
3681
6063
796
9790
9661
6202
6481
324
1563
9245
6095
2412
2696
1503
4913
9487
1968
9111
4624
5218
5554
362
6868
336
8344
8693
7248
8559
1670
8077
6815
7225
8488
5919
5836
3123
8157
2576
359
7002
4877
6135
3260
2386
6548
4927
189
5557
5673
5788
6778
3231
5377
2900
3539
8528
8697
1672
5330
9367
4302
4755
6459
5362
6711
9541
237
6607
8014
879
2519
8084
2321
2126
3983
9822
2515
7894
8847
7791
6558
8247
4339
8951
6256
2028
9158
8745
5399
4902
3369
1186
1985
8385
6445
3702
1361
3765
5555
9247
3165
9596
717
3006
4576
2806
7604
3764
2525
759
1074
7900
3809
3781
3375
8692
8363
730
8001
6317
3607
2920
945
4538
4435
6335
4263
5934
588
926
142
8354
6664
5861
604
1026
4004
3139
3992
5323
8487
1117
1725
8840
4151
296
6754
8255
6762
5036
709
5075
3957
2226
8646
3497
6867
9178
6665
2443
8036
7601
9996
3615
2292
5771
5099
9880
9492
3430
5552
9060
8644
1571
4791
4559
5267
9192
6891
7767
1545
9919
2947
526
3251
2318
644
5829
2929
7839
9261
3313
8928
2068
9466
6601
8552
7226
6713
1993
4906
1511
5800
8818
5117
3259
3404
2056
2037
5257
161
3502
4230
4457
4663
9321
4805
9044
5452
2882
4479
8447
423
9878
7615
3905
2371
7017
3733
9589
649
3245
8484
246
1789
1333
1674
3969
8289
6299
6130
4741
4120
9464
7418
6724
7964
3846
259
3626
3221
4508
4225
6953
7189
5548
5244
3440
4175
3096
1199
6626
5144
2102
2131
7110
1427
8124
7199
7530
1531
1314
4199
2124
1936
7214
5093
4126
5785
8356
659
5211
5680
5977
8893
7576
4536
7552
4516
5210
7500
4647
5636
2539
5038
814
2298
9998
739
6496
289
9734
6687
7472
8580
7041
1667
2260
7064
2007
1947
3762
9652
9285
5877
7640
7023
6892
5648
670
330
5240
8956
3676
4144
4562
1255
1767
7737
1144
3443
387
8405
6420
75
5686
1808
9825
8072
7352
3689
2781
6234
1287
9482
7848
8007
7934
402
7870
5933
7486
3267
9723
7526
846
492
852
8213
9074
3917
2241
820
1176
3555
2209
2041
1283
4814
6731
9877
5638
7154
6661
1102
8044
5222
9169
3094
4979
8877
5506
2382
9926
223
6472
9086
5001
7056
3695
7209
1412
5671
2729
665
434
6684
9701
9738
5525
6814
5499
6805
2117
8078
5086
7366
6294
3770
4534
2541
4137
6564
3976
9151
3896
25
9563
2534
9107
8620
3283
436
6377
218
5247
4356
3254
9079
4581
968
3627
5766
971
8426
4857
3622
6756
8608
250
6166
9625
8720
5209
3099
1647
3380
8144
2304
5316
5894
4608