81
882
1198
4176
2530
2082
3297
4481
395
1581
2035
4407
1740
328
2031
3936
3819
64
2869
4919
1930
3536
3188
4016
1223
3402
569
3491
2797
4943
3762
4788
472
2262
1233
4604
3205
3765
2311
4950
4245
4452
1807
2150
3295
2370
3776
3318
368
4531
2526
243
3722
4508
2698
229
4609
1412
977
2546
4732
4798
824
300
1033
1477
4513
606
2512
3712
4579
2813
4671
2471
29
1482
1398
581
704
1105
2164
1894
4382
3049
4477
3921
835
3532
2749
3707
4281
2111
2071
553
2543
278
1267
315
2133
329
3947
783
3264
970
4213
178
3263
2356
1928
1862
566
505
4171
168
1464
1686
3145
2564
4225
3974
4446
4635
270
2428
400
3853
777
728
609
1784
2939
2474
4754
808
3309
2403
54
1730
2386
3115
3870
3466
1478
4094
4573
1130
1249
3280
2654
2430
2491
1296
1608
460
959
1009
3590
4692
4116
2916
242
3669
705
2558
2309
3189
4512
1582
2118
789
4931
910
3253
768
3670
2186
4041
4809
4532
1032
4072
1087
3848
1284
1790
2554
4004
1043
2347
3197
922
2272
2296
4105
4191
4507
484
2741
3013
4057
3097
936
3664
129
1334
4289
3498
4188
1016
3653
215
2161
359
1942
2366
4927
2597
2511
3107
4749
3937
4924
3720
711
4015
4391
3995
3455
1496
140
1701
75
2686
524
631
3988
3579
4593
3045
2236
2124
2794
508
4463
2695
4080
3174
2139
4983
2571
2801
3767
1402
1516
3845
1079
258
4018
927
3502
2705
1428
1573
3025
427
1192
3333
3245
4607
3972
4733
2209
1865
4417
293
714
1018
796
1308
141
478
3556
1029
1580
2235
1967
4235
2822
1724
374
4260
3315
756
2330
2587
438
3052
1136
4993
1541
2062
3551
2041
1675
3259
2531
4840
1144
4709
1297
370
1370
3277
2992
594
1632
470
1562
1636
750
347
2708
1097
3523
2011
1614
1175
4990
3827
2414
2101
3324
1077
1778
4622
2448
881
2291
271
3818
4227
903
3403
4133
152
1673
2790
2167
2212
3392
2393
2761
2065
1706
156
2729
1932
3775
734
2374
3246
2921
552
1495
1050
2563
3419
1133
1129
35
792
1234
890
1047
204
3085
273
3513
3465
814
4824
520
2466
3656
118
4249
2887
4081
513
1307
1719
172
2805
3435
2422
1735
4039
4183
3220
4793
85
3092
4644
289
2839
1469
1625
559
1698
2659
3614
1655
4613
4079
52
4404
3649
525
4973
2711
4299
4783
2542
1972
3831
1676
1371
76
310
3011
3059
2197
1682
3883
951
3822
2800
4485
703
2195
4012
3346
4208
1331
3313
47
3252
2206
1768
3371
1149
3349
2391
2629
1161
3215
3164
464
3554
3901
1834
2901
1617
1176
2566
3423
1484
3020
4278
1321
4937
818
121
3737
3642
1239
3665
4526
1743
2322
4884
3374
275
4569
4365
2879
86
1396
4354
1046
4905
902
2015
4465
4697
4388
4339
3055
2455
1410
173
378
267
6
2299
2378
1751
3521
2716
1479
1648
2652
195
3981
2095
2115
3915
469
1056
2828
3000
3269
2181
392
930
2740
4640
1657
4258
2461
4426
1985
3380
3797
937
4445
633
4957
4050
2605
366
2607
969
1378
3149
1419
3784
2509
2032
4378
3310
3953
4813
1859
906
3748
1507
1738
4216
2221
2767
3401
2226
3497
3267
4106
2820
2297
626
14
284
760
1817
3548
4036
2084
3801
4343
1001
466
2517
418
2018
66
1395
4736
3838
798
2266
4430
3257
517
3329
3053
4608
3986
3287
496
2998
1389
4001
414
1532
578
4166
720
991
4796
2131
3646
4338
4583
4959
380
2899
1760
4051
603
3938
3739
3868
2382
2647
919
568
4172
3244
1039
2787
793
571
3201
3888
4544
4294
2593
324
3887
1423
4110
1773
3626
2066
2829
3637
2495
3204
2415
3558
653
2812
301
1250
4229
363
4205
3012
2075
4951
171
4645
4390
3187
3185
1272
2424
4273
3117
3461
1348
3813
538
3248
3752
1363
725
1788
2107
774
1426
1506
1946
2889
2893
3903
4493
1015
411
1432
1059
145
2216
3951
1837
4364
1726
4942
840
4350
770
3898
2582
3208
4471
3202
1775
773
1944
2994
4022
3512
1997
3535
191
4603
2969
139
1868
4911
2859
489
1007
4264
874
694
1381
1112
3677
1668
2407
116
4899
4366
3293
193
4254
4073
1789
1685
506
2754
189
3559
868
921
1444
1040
1871
2302
870
2701
3237
3016
44
3038
234
2598
4938
2073
4570
20
4169
276
2033
3350
4960
1084
1387
2910
1553
335
2204
1656
2888
3449
742
3979
596
4894
3375
1226
1551
1904
3525
3421
3885
1567
250
579
2120
338
1600
582
30
440
4119
3682
4826
3631
2012
4547
3832
968
4136
2583
3139
1488
3279
4755
4437
4010
2968
555
2068
614
4121
4855
1258
1752
1201
875
1409
1911
2836
889
225
2224
1690
4248
1031
429
1961
1278
2928
4198
996
599
1912
136
2764
2981
1664
1231
1327
3505
2943
2924
2841
4086
4986
4794
3680
3834
727
448
2537
4373
486
4997
3940
822
642
3462
3786
4878
894
1646
2920
2154
2743
4401
2345
4753
3242
2021
976
4272
2231
282
3183
4447
1372
1019
3658
1801
3352
708
165
3778
4745
2964
660
2001
4352
4074
1714
83
1920
4598
1292
730
2941
1228
4522
4765
2112
3448
4910
197
3146
4259
3524
1633
4746
4578
3083
4182
4621
2135
3096
2641
2337
115
2426
2194
1349
70
1063
226
2507
3487
319
306
4955
2427
820
4492
3873
3468
2292
327
3846
2442
1289
3161
1392
445
3010
2515
697
382
4114
1547
3719
3757
3407
2310
622
731
993
1639
905
3538
2350
2059
3114
746
2453
4517
3342
1152
163
2956
3541
1947
299
2007
1872
4841
302
1782
3291
1793
1207
3833
3993
2270
3960
1925
209
184
3990
1983
2769
1962
471
2400
4265
1354
3918
3445
4623
4179
1305
3588
1754
1224
4651
3288
3372
463
1156
4715
2228
532
1480
3383
2574
1485
650
1146
2625
3962
1329
4945
724
1044
1093
1584
3305
512
4054
3394
3037
2919
424
2874
1996
2405
13
2003
474
629
4626
10
4689
983
1298
245
3787
869
3602
2983
3652
135
1273
558
739
4019
2486
2188
3567
298
495
706
3929
1875
2099
1135
3434
2404
912
2222
751
3562
2293
2336
3076
1565
1408
2215
3348
3251
1555
3689
457
1350
3989
4368
942
2917
4908
510
4253
3221
3716
206
4098
2510
781
3127
4270
3078
4582
592
4883
2681
3994
2802
1907
4164
3575
1885
3923
2070
4799
4592
3607
2624
4332
618
557
2687
2759
2905
1929
550
2411
897
975
290
3544
1906
2102
574
1818
2438
4469
4678
2074
2020
2827
779
1104
2189
2477
1577
2768
963
3089
2795
2401
3893
958
3633
3007
4099
2616
2843
1205
406
1756
4852
4511
4726
3640
4758
826
2275
373
3876
4464
1514
106
3610
1758
2301
925
2287
344
834
4925
865
2081
1377
4060
4631
260
2395
1000
3104
3600
4612
4450
782
4574
3282
3788
1881
4540
4462
4830
4506
4328
3436
4769
3480
4319
2967
2696
2022
2826
1609
1700
564
90
4837
96
530
3136
1202
4392
1958
330
38
2538
1463
3647
2978
4007
2203
3123
2501
4768
3924
3616
3416
2493
4742
1080
4325
2459
452
1361
3516
1525
2185
2700
1744
4186
3240
1065
3148
664
913
2365
3751
4839
3101
2158
119
100
896
1006
4923
3129
3009
4567
4454
1393
4233
1526
3629
540
3892
4468
1999
1241
1749
40
4197
1586
803
4762
1301
3219
2004
2383
3902
3316
3030
3859
1550
3639
45
2088
4255
4838
1421
1734
4516
2806
1777
1560
3378
2934
4318
4533
1847
1629
3931
4077
545
3299
1641
1832
1177
1451
741
1589
3749
4529
2596
3190
2092
700
2314
4589
274
2948
4552
3700
237
3432
3463
544
4751
2775
4433
3102
3591
4698
2408
3545
2777
3699
1791
4411
1670
4535
4748
4345
3074
3317
3065
239
4586
2949
2238
2436
3985
843
2670
4817
3675
4149
4211
1948
4276
1661
4498
479
1852
3667
2779
174
1317
4846
1437
4337
1533
227
4091
2963
4700
662
1004
1955
2431
3666
2464
2793
946
4602
2676
589
4389
46
1212
654
709
2946
3992
74
1725
4288
3159
2557
230
1052
1727
3977
316
861
4958
701
849
2230
4335
244
133
1839
4456
3131
4107
2232
1232
3807
1401
3191
3471
1792
4049
4777
2832
2982
3930
219
3483
127
2152
2087
4969
1245
611
2728
2830
2397
4879
1869
2506
4406
4977
3470
3390
1888
2912
966
2008
4076
4342
2803
2656
2678
4308
2284
187
4601
4734
2782
4887
69
4379
4199
1772
3320
4576
3771
3238
1008
4484
1502
2577
405
389
1108
1115
11
4381
2013
1330
4992
3214
2849
4042
4013
4142
148
3836
1089
2342
763
855
4553
3454
2673
1188
3396
3133
481
3840
3169
4767
1194
3292
4000
246
28
2141
304
3077
2842
2547
1711
1333
1678
1417
1042
4782
1219
2234
4084
3404
1288
2449
4347
3806
247
2049
864
3415
4348
2661
1640
4915
4189
2317
1433
3863
3662
2559
679
4458
1465
857
2568
744
2514
994
2667
4174
952
1299
403
1339
4173
4231
964
2610
477
3021
3984
918
2886
3672
465
4295
680
1440
179
4155
4835
4316
4177
4654
1216
3051
4527
754
4055
3641
541
3306
4811
1973
3744
887
813
4509
4962
3660
829
4816
4703
663
4168
588
612
3356
4097
1145
2778
4889
1540
4226
2017
1142
4237
3871
4424
1025
1914
979
1795
4858
1036
2781
601
1610
3160
4120
3625
674
3570
2165
3154
4048
3954
4989
353
311
4885
4693
3798
1654
4324
4011
339
2140
2244
3044
3717
543
4575
4897
1858
907
214
3770
4892
2810
2595
113
3842
3781
2833
4948
2578
1274
3258
4377
73
1068
268
3362
2418
765
3162
3014
1863
4763
3537
2163
2402
1679
2300
4706
4405
941
1848
3969
2997
2762
908
2105
1247
1360
3815
4981
2454
25
4219
4922
4068
1618
1011
158
2268
858
4476
3270
3247
3622
1461
4523
4625
1627
3075
128
575
2478
356
3172
2966
2638
2845
4642
2914
4515
1645
3290
577
1845
655
815
211
450
771
1326
691
3650
313
2351
2360
2423
2029
3504
1992
4510
3583
4224
1277
4023
3395
3031
3568
192
3028
2773
1524
3060
3896
4043
3638
1522
891
1901
1938
3111
2475
3696
4307
1098
1821
4995
3456
312
2241
944
2846
2677
175
2104
759
1766
3623
3671
4030
4499
1206
3126
1647
1014
1352
4941
899
421
1404
4656
1075
3429
1325
2465
3222
2249
3975
3690
2995
501
2196
1174
1467
396
2308
376
1364
1564
3573
4590
630
2359
1487
4157
2361
2416
2731
4122
1537
4872
362
635
4480
556
4287
351
2860
766
812
2108
3180
1127
1808
2549
4504
37
1637
3331
3173
2413
2553
3312
2069
4221
1275
3866
4486
4058
4954
2736
3196
4124
4310
4599
643
673
2655
1290
2045
3278
1474
314
4655
1391
846
4738
3381
3585
4860
2783
4300
2591
1382
1172
3046
3116
4375
2890
2824
1905
1319
297
1981
4881
3438
4292
3809
1167
4441
1447
3094
1498
3933
1747
1940
904
1853
3230
1255
1712
1091
4496
644
4334
3494
1181
3785
4187
4117
3176
3830
1358
4234
3741
2692
388
1598
3192
2560
4223
4807
995
132
1803
2220
1038
3991
1634
3835
4422
1282
1411
4778
63
3405
1466
1587
1918
2850
1720
423
4429
740
3223
2714
676
3489
343
4428
82
2494
4355
2649
1199
1949
3121
4680
4971
1873
2202
60
4561
12
3070
4519
408
2541
4521
8
4215
3569
360
3354
652
2388
2144
3560
3922
207
4262
2817
1596
1180
4615
1638
4683
2990
1096
2788
2193
1178
3304
3137
4658
2664
3539
1644
3330
1542
3325
4743
1116
3105
3359
1251
1013
3736
2054
1322
967
2699
3370
4109
825
4247
107
2505
3081
945
2106
879
1446
4559
2621
110
3533
303
3948
1088
218
430
4387
620
3091
593
4893
397
3645
3589
468
1505
3747
3857
3355
2376
9
2520
1306
3608
142
2223
1048
1993
2808
3643
1935
1190
2880
2955
2689
2883
3745
3496
2256
2653
4780
2479
3358
1660
3495
3624
4914
164
957
269
3276
2513
186
586
2522
982
3594
1688
522
4317
4594
2855
2318
1141
3708
51
3158
4358
367
232
4313
4279
2451
1588
2935
4220
2748
1193
1170
4052
18
4062
305
4145
2853
698
1977
2589
3761
1481
2265
1721
185
3754
1491
4728
2037
4781
4195
3343
33
707
251
4218
337
1002
4933
2771
4864
1509
710
3168
3998
3209
1390
2747
1436
791
4395
785
3334
461
2614
1351
2576
3319
3181
4252
4410
639
562
4285
2134
675
2548
669
2446
1400
384
4009
99
3681
350
169
4867
3026
4877
2606
1621
521
1021
668
467
624
1672
1122
4996
847
4545
2290
3200
1336
4775
3467
1902
3460
670
4131
4302
4427
1954
2142
2481
4688
2592
3015
788
2420
4489
4935
3113
844
4673
1312
2799
1755
1106
1166
3061
2671
4363
1861
3789
1210
4331
79
3609
2970
2720
103
3225
4459
565
2693
3884
3772
318
336
358
2737
1384
1237
4766
3794
3651
721
1257
3006
3322
345
1171
4204
4466
1280
3732
823
4283
2136
871
3271
933
1595
1094
1067
3004
4059
681
1579
2633
1628
1125
1694
3768
2726
4304
2151
3862
584
1692
838
348
286
860
3782
1453
4662
507
1107
3314
4729
4828
3932
1109
1765
1191
4806
3472
3224
3134
1854
203
1220
4795
947
4701
1889
4663
1538
1620
4595
787
3363
2604
1779
4006
434
2258
1746
3095
950
2950
2644
3427
2257
490
3393
3484
4372
4082
212
4207
3941
2372
3425
1462
1674
3636
1078
2628
2857
1583
1950
2490
2864
143
3503
1787
531
1338
375
3825
4774
4550
3090
2603
1764
134
3239
3236
990
4416
3340
3289
2617
3684
7
488
3431
443
863
2460
1605
1822
4972
1919
4871
2640
57
4848
4518
1844
3120
2325
3829
2169
4141
4139
3753
806
816
2002
2200
394
262
1071
619
3122
111
1165
4853
4156
3904
2691
1340
4394
1705
4731
1884
2271
1951
3582
3527
216
2210
498
4660
3400
2192
1900
931
810
176
2796
3377
1882
167
2093
4952
2755
4140
1937
4111
280
3227
2389
279
3970
1155
2170
2227
3698
509
3510
2562
3804
2770
4020
3928
4757
786
288
2039
1379
420
4028
2831
2040
943
4238
4277
2766
2055
2214
526
1394
3056
2072
2148
4093
4720
4487
355
2932
3687
4503
1956
2335
4143
4126
1490
4214
4095
3166
2078
287
3430
2327
4305
4356
1877
431
2321
2178
1680
1527
3841
2273
3738
3073
439
636
2398
2127
1952
2153
4849
4616
2668
4293
1184
2156
3047
2456
3379
883
3702
4797
144
4538
4181
3458
2155
4773
4556
62
2125
836
4399
1549
974
1695
3530
1099
3235
4681
1134
4474
4772
2487
4953
3605
1968
476
2277
4669
456
1413
2896
3648
1750
4217
4600
1406
4882
4606
3364
3452
3260
1642
4690
4353
2534
3783
2109
2763
223
2636
503
3229
1849
4707
3715
1066
2191
2323
2463
4967
1
3563
27
3027
2348
3982
2036
3759
3826
3086
3550
4530
3673
3294
1195
4792
656
1716
325
3723
3564
377
2707
1148
3171
3697
4903
2697
3177
4246
1316
1561
2987
1443
1729
4100
3441
3517
3694
4588
4151
4269
80
4875
322
1473
1121
3711
4470
56
1203
2373
1114
181
4785
2533
2977
1415
1385
1886
2076
3908
3422
2044
2631
1300
1545
1737
1702
4679
1242
4539
4202
2239
4436
3275
1168
3777
1819
3360
1898
146
2080
4730
3852
2979
2399
3147
2734
627
1302
4886
3506
4562
2042
264
3549
4314
4374
2786
3861
2010
4632
2639
2114
170
2648
2683
3195
3084
3442
1870
1774
1365
2441
2851
4239
3968
686
1677
2951
1804
2971
2174
1081
735
4932
3444
2684
1771
157
4160
3067
2086
1209
2944
2847
2986
4210
77
4103
2500
2024
1058
3971
413
492
265
2936
4641
1383
2237
4425
4804
3617
2208
3413
3546
2657
4092
2584
4845
2675
3178
625
2207
1594
266
1117
1513
3072
560
1710
2918
4815
2709
4386
2349
4409
567
4822
3384
4333
987
4369
4303
1449
2690
2894
3387
0
3135
715
597
2662
3695
1924
4684
502
2694
4490
4667
2680
1931
4557
4850
3042
1963
2524
3796
4038
1689
1246
4008
1276
4764
935
637
1072
876
2027
3433
1187
2496
4843
2129
2367
2470
1459
2586
1715
534
3802
1544
4665
3926
909
3515
3272
4857
723
3093
3479
4555
1649
2199
1897
1571
2437
3743
1723
2019
800
252
2907
853
3604
3141
4936
4836
2814
2098
2286
2875
4330
2282
3592
1034
4984
4003
371
2540
621
50
2313
4820
2046
2217
1699
4964
2665
2250
1164
4657
2504
4691
2005
537
2368
2601
3874
3050
4999
1318
3043
101
381
2251
4812
2852
48
3909
4677
1214
4896
3821
4138
4065
1753
576
4572
3153
4980
4868
4108
3457
2544
3939
1356
3522
3440
2439
4370
2246
4987
202
2613
4044
1460
917
4898
494
3688
254
4341
3132
4722
901
738
2280
4083
527
1843
837
939
3880
2429
4152
3713
4787
4026
4789
1827
1304
4618
2602
1279
3040
1017
1535
435
885
3184
4705
3877
743
2175
1010
2663
4851
667
1470
3005
794
911
604
4741
641
3451
752
807
3327
3659
473
542
1556
1090
4134
3098
3746
233
4070
4473
1548
1669
2623
4376
3634
4206
1179
4695
4326
1736
154
2703
755
1186
1230
1450
346
4053
3843
1518
3376
1659
893
1539
4502
217
3895
954
2599
2815
2721
2882
4167
3630
4670
3957
2776
3437
4862
3587
3069
651
3756
616
3632
2048
3233
1373
2028
4274
1615
3654
3878
648
2942
684
3956
249
1185
454
2369
41
4965
3561
2331
1045
3128
1476
117
2723
877
404
1515
4756
2320
3212
4947
1921
1497
409
949
3655
3068
4786
4449
1266
4978
3332
3766
3152
962
518
2006
1776
2476
2247
726
1259
712
4630
4320
2713
2881
2635
4597
3944
1653
4831
1867
446
2498
2600
437
2346
1388
2704
4442
4653
1570
4918
1806
3980
296
780
2274
1511
1399
3999
1941
605
4371
1430
4063
1215
2205
4046
124
1236
1709
317
4360
821
2276
2953
4880
3891
4647
4479
4716
3628
4362
177
4637
3337
914
2757
2190
1591
4349
4031
160
3864
1810
3596
4275
2091
1092
459
2980
361
2334
4413
2143
2863
342
4357
2724
3817
2706
2225
240
4165
4113
1980
1027
3526
3860
2573
3210
4434
2642
183
2443
253
2718
2682
1732
4483
749
447
4312
4154
2765
2440
1883
3593
2580
3231
2590
236
4710
3339
2931
758
4
1252
1722
71
24
4147
1492
2034
2906
3824
1049
444
4196
3373
3071
718
613
1483
2725
2147
3917
3338
2865
2201
2685
1263
1874
4432
646
231
4130
1781
3303
3344
1613
3100
1663
3692
1261
352
422
2608
2902
1248
332
2862
2090
3308
2674
2733
1917
3693
1650
1761
4268
3254
3032
2183
1023
1558
2570
2876
393
131
981
4178
416
4455
3023
3112
1841
3679
4132
462
830
961
2211
1103
1427
4064
3959
65
1830
16
687
3810
1658
3323
2445
1337
3024
2117
1150
2419
4385
4162
436
1057
2009
1343
683
419
2961
2588
4634
3952
2960
1113
4495
3412
4900
1652
3889
1051
1607
2988
2878
4649
1264
1851
1293
2527
4770
3369
4940
333
4791
4921
2468
1603
4776
3167
999
386
1718
536
4944
2354
2551
628
2358
2752
2989
1500
2444
1597
1552
3207
2242
4448
4664
3919
632
2672
4228
3965
3079
1708
3961
1355
1472
1123
334
3509
842
493
4803
1147
757
4699
4163
2353
2030
3580
4090
2089
4627
3792
263
3595
3300
2502
1310
3019
2390
4548
398
4323
3082
1082
1960
4251
1770
3726
1346
1707
3795
4974
4396
4071
3475
845
615
828
1335
2523
790
1528
2627
401
1748
196
809
4101
2784
4153
4383
852
3321
277
3033
4336
433
1118
3382
1959
2450
4418
3367
3730
2772
4212
3087
4414
410
4384
1838
689
2392
4844
3274
4421
4209
672
992
4702
49
4033
2278
1934
4888
2434
4747
1265
1733
4587
4096
341
685
551
3389
3735
2804
4934
4946
3036
2993
3814
804
2975
3703
2791
1160
898
1762
2753
1909
3281
554
2038
285
4482
4444
257
238
988
1320
3249
3151
379
4916
2253
2172
956
3769
1713
1344
4808
1572
3398
1704
3790
2121
326
3855
224
2263
455
2730
2467
321
2809
4408
415
3987
4534
4968
1405
126
2903
1131
4443
4979
3108
3763
1566
3041
2058
3557
2014
989
159
2569
3611
2421
4190
122
4088
451
1041
3361
797
2312
1503
3791
4514
3839
965
3597
3366
1982
4761
1493
1933
3914
920
1102
819
4750
4818
1529
4779
1291
2452
1797
2954
3799
2385
4874
583
1235
4127
1026
4975
1369
2838
4144
3064
3216
929
4566
1559
3964
31
4571
1085
4329
4985
72
1759
4037
1362
666
4823
4685
3397
4321
1799
940
95
4536
2873
91
3311
2991
4491
1132
795
1285
4367
3897
2097
533
4581
1416
222
2171
1438
4537
1739
3728
1151
3035
1543
3943
4315
497
2660
1435
4994
4646
349
3950
848
1757
2379
402
2472
4034
4032
3805
2473
1456
2023
3856
4118
292
932
888
2575
26
449
4551
2338
4760
2973
2870
4021
1683
3907
4543
973
2295
504
2877
3265
93
696
3808
3003
2307
1891
3812
2658
3039
166
1922
1681
546
3553
3565
3942
3351
2840
2409
2609
3165
4024
1119
4917
2940
482
573
1926
916
3613
4661
4629
137
3734
4494
528
2618
2184
2380
1403
2585
2051
1592
4301
1593
112
34
2856
1785
3186
3912
487
4398
769
399
1879
4912
4558
2126
3408
4554
3900
4185
425
59
1501
4568
1557
1964
3518
2666
123
767
4549
4790
2581
1691
105
3110
1742
811
1286
1064
1053
3439
4585
649
3142
2915
2168
4865
3547
2166
1835
3150
2482
1213
1717
3811
657
2858
3492
2128
3543
1936
2715
491
1163
1943
2702
1499
4856
4542
2410
4682
4737
256
442
1418
3175
2900
1643
3764
3709
2930
3409
1196
3418
387
2735
2904
2972
1124
1622
4306
3528
3341
2146
4257
2619
1796
2974
2303
3542
2758
4298
248
2579
3206
3760
4930
4460
4412
722
3347
2792
4725
1805
3493
1696
1414
4744
1876
2938
4614
2305
1494
2304
3106
2469
1939
4926
1604
953
638
2016
3733
201
4520
2897
4525
3731
4668
972
84
4666
2923
2884
590
3243
4284
4040
2719
3879
1530
1568
4125
4380
2417
854
4243
4497
4802
1794
4400
3701
3661
784
2254
591
2891
2866
2746
3399
200
2371
2252
2435
180
2632
161
778
499
1923
745
1128
2898
2732
4636
1256
458
4724
1153
1626
3910
3119
4035
764
1253
2219
261
3837
4089
3894
640
2245
4961
926
3478
4170
1204
1812
441
2567
4740
1534
645
2283
3934
1420
2615
4296
3678
2352
68
3685
1367
4524
4970
1697
2745
4200
2267
1238
2123
2712
3578
3335
3967
4078
3881
4439
2261
1965
1126
1816
1268
2182
1630
2489
3424
4467
2612
32
2760
772
3627
1154
3500
915
1294
3920
2432
1323
3099
2119
475
4158
15
2056
1086
2999
3063
2626
1684
519
4438
713
58
1945
199
483
2488
3474
1575
3296
480
570
390
320
3410
2396
3228
391
1069
3118
2774
4146
4784
4123
1211
1489
3612
4564
1687
2561
1745
2620
4805
1005
2947
1341
89
2508
1486
4236
3603
4976
1229
147
3615
2162
2149
1095
1767
4102
699
831
1536
1137
3676
4322
4563
213
3946
1281
4194
4863
130
1554
3997
1431
3420
3018
2218
4192
2083
3157
3668
4605
1624
1471
3062
1908
182
1197
1915
4814
4624
3800
3823
4617
2643
3865
1140
2555
572
2650
4859
4230
4351
1896
3411
4619
1353
833
1970
4475
3193
4596
585
125
3598
1227
357
198
2536
4829
2260
162
623
3586
3066
658
2173
2094
2050
3619
1666
2229
42
2958
4591
2646
2025
719
2026
2363
1429
3273
3124
2908
1314
1270
3704
2565
4241
97
241
3584
3683
4137
4528
4457
4403
4854
4415
4286
4184
1347
3916
600
598
3519
1024
1769
2985
2516
850
2233
1927
3163
3635
2545
3686
2176
3577
971
1357
2780
2357
3555
1619
3966
1783
1671
1831
155
2727
4825
3234
4687
1295
2281
561
3618
873
102
872
2926
2895
3779
4061
3973
3488
4435
4584
1585
1840
702
1574
1439
2679
485
3955
2457
1631
2739
1218
729
2259
4087
1809
3144
1240
2637
1074
1020
867
4271
1324
3740
372
2742
516
1576
2535
369
1860
4929
3906
1864
2821
4650
3727
3143
1012
851
3155
3218
1110
2387
1182
4250
190
3576
610
4633
149
294
291
3368
1368
4873
4827
1893
3428
2572
1798
2145
2816
3464
1786
1811
1846
4017
4686
3241
2122
4821
1601
4991
1971
1903
4648
2294
109
3353
1895
2738
2412
4712
1800
4694
2611
4263
3721
2077
1866
3262
3477
671
4488
4025
3406
4739
235
985
3048
3481
2528
682
3890
1183
4906
924
1454
1990
1856
856
4719
4832
661
4346
3983
4075
535
677
2669
2519
693
283
1076
4397
529
1309
3125
2962
2000
1635
1434
3029
4891
3286
4309
1143
1157
4266
3599
4988
3706
4112
2933
2959
1225
3844
4029
3156
1780
4290
4966
4963
923
208
2061
1836
3414
4800
3426
2279
1728
120
1359
4244
2630
3742
2484
307
978
3034
2248
3574
659
1441
1815
2063
665
960
3285
3179
3385
688
55
2497
500
4949
4193
1612
733
1173
3958
717
4920
617
354
3851
78
2316
2306
3620
19
1028
1988
1158
2425
3301
4311
3905
22
3886
1978
1569
1445
2159
3088
1508
1611
523
87
2344
2957
1407
4047
4261
2722
511
880
2332
1693
4440
3705
3473
1662
2339
4280
3529
1916
2116
3386
2
114
3976
2835
3793
4045
4085
1376
4982
1311
2485
3261
3657
900
587
2717
1262
4577
3203
1260
762
4128
4939
4478
1521
548
1519
1890
514
4242
2844
1651
1448
1910
2807
3054
1667
2539
2892
2067
1975
4419
3490
736
2789
2937
2130
61
3945
67
3875
1244
1313
2447
2213
2177
4104
3140
3872
94
4620
1003
4901
1826
2651
934
4610
886
1763
3507
1138
3080
984
3213
1287
2811
1966
775
3302
1504
1984
1976
1022
2180
2480
2132
3963
3803
2622
308
2329
4713
1271
3476
1994
4135
2341
1397
4232
150
3001
4203
3138
4005
4714
3443
4819
1850
4069
1422
4704
4002
2298
2922
210
1814
331
2433
4453
3755
2264
3255
1139
1208
1424
1665
43
3459
1342
4890
432
1070
4676
4727
281
4222
1200
608
827
563
3501
3469
1328
862
2079
255
1452
4674
1546
2861
866
1254
4904
3601
1120
1303
884
2798
98
2929
4267
4451
1887
607
4067
1899
3199
2043
1083
53
1995
1061
4907
3511
4909
2837
1189
1825
2925
4810
878
2288
2750
1974
817
1035
323
3780
3194
4420
2503
1442
4708
4723
272
383
2340
3226
1590
2377
695
1741
3729
2868
1073
1037
1703
4240
2871
3
1989
3328
4842
4643
1833
17
4461
647
4638
955
2384
997
407
3758
4861
3170
4115
3388
1030
2976
1857
1998
4628
3691
3391
2710
4672
221
3858
748
841
2406
2594
1512
3256
1468
4256
2823
747
1813
3057
4344
2381
4175
4659
4505
1100
2492
4359
2053
385
2525
36
364
3882
3486
1169
2085
3978
3869
3674
2394
4129
2103
4297
259
3572
3725
2160
1457
2825
678
737
1269
4895
3899
4159
3996
2100
340
3913
998
4711
3621
426
4340
895
1162
1578
3365
4834
3714
3266
776
2285
2333
4014
2052
3820
2110
4472
3450
1060
1221
4327
104
2187
1111
4752
1823
4580
3571
23
4718
4771
1510
2060
3534
4639
2364
4546
2319
3854
1159
3357
1878
4431
3268
3250
1458
3750
539
692
2324
4423
108
3211
799
88
4869
2965
4282
3002
3447
2269
595
761
3581
1892
1386
1054
4201
2872
2483
4956
2157
2462
1623
1969
1101
3774
549
4402
3336
4870
309
980
3552
2328
3008
4501
4866
4611
1953
4801
365
2945
2113
2255
1374
453
4027
2137
39
1828
1380
602
2138
3298
732
2834
2744
3022
4721
1599
21
1731
3499
5
3284
1332
1802
4560
1820
2458
2785
2518
3849
3109
805
4998
938
515
1283
2854
1222
4696
2867
1602
2243
2996
1517
2552
1055
4759
2179
2343
1425
2057
2047
1979
3828
417
4291
1243
2532
3816
3867
205
4541
2952
2521
412
3446
428
4393
753
2375
1991
547
2550
3232
3925
228
1531
2362
2289
2096
4847
4180
4652
3103
1455
2913
2911
2064
3847
4833
2751
1606
1366
153
3182
2688
3307
1829
3773
2556
2927
4361
3644
3949
1523
2240
3482
839
1315
3566
986
188
3017
2818
3217
3927
3935
1616
3345
2756
3514
2198
716
2909
138
1563
801
580
3724
151
3663
3718
92
892
2529
194
948
1345
3198
2885
1913
4161
3326
220
4735
4717
1986
1842
1217
1880
4928
1375
1957
3710
2499
4675
3531
2984
4876
4565
832
2326
859
4902
4148
2355
3453
3058
3508
634
690
3606
928
1520
1987
4056
2848
3130
4150
1855
2315
1475
3540
3485
4500
2645
3283
295
2634
1824
4066
2819
3417
3911
3520
1062
802
3850
4913